16,21,-248,-1,-25,-263
24,26,-234,7,-17,-256
18,35,-222,-2,-17,-241
28,27,-220,5,-15,-238
29,35,-261,5,-17,-285
28,30,-290,8,-20,-301
29,23,-319,5,-30,-333
25,14,-331,3,-33,-348
23,19,-319,4,-33,-334
16,18,-286,-4,-26,-300
21,22,-252,0,-22,-274
26,29,-224,2,-18,-250
20,29,-218,1,-14,-238
30,27,-225,8,-15,-244
25,40,-274,4,-14,-290
28,28,-292,9,-23,-300
25,20,-333,4,-29,-344
27,14,-326,9,-38,-341
21,21,-306,0,-30,-327
15,22,-268,0,-27,-293
23,26,-241,3,-22,-265
20,32,-222,0,-15,-252
26,26,-219,1,-13,-232
28,31,-251,9,-13,-251
25,31,-289,2,-13,-290
28,22,-315,8,-26,-305
24,13,-337,4,-33,-349
22,16,-323,5,-40,-344
16,18,-292,1,-31,-326
19,21,-256,-3,-23,-284
24,29,-227,1,-18,-263
16,30,-219,3,-13,-244
28,26,-220,5,-15,-238
26,38,-273,6,-13,-263
27,28,-292,5,-18,-299
26,20,-333,7,-28,-324
27,14,-328,1,-32,-348
20,21,-312,2,-39,-338
16,20,-276,1,-29,-313
20,24,-246,-2,-24,-277
22,30,-225,4,-18,-252
23,29,-218,0,-14,-239
28,29,-240,4,-13,-239
25,37,-284,4,-11,-281
25,23,-308,6,-18,-302
26,12,-338,8,-28,-329
26,12,-325,6,-39,-342
24,17,-299,1,-34,-337
19,24,-263,-3,-28,-307
16,24,-235,-3,-20,-273
25,30,-219,4,-19,-237
26,25,-219,9,-17,-237
27,39,-269,4,-15,-288
27,31,-293,5,-20,-301
27,24,-328,6,-28,-339
26,12,-328,5,-37,-339
21,21,-314,3,-32,-333
15,22,-280,-4,-23,-298
21,24,-246,0,-19,-268
23,35,-226,3,-18,-251
22,29,-218,1,-15,-235
31,28,-229,9,-17,-243
24,39,-278,5,-12,-291
28,27,-296,12,-25,-307
27,16,-336,6,-31,-346
25,14,-325,6,-38,-338
20,21,-300,0,-29,-325
17,21,-264,-3,-22,-291
25,27,-235,1,-22,-263
18,34,-221,1,-16,-240
27,27,-219,3,-17,-233
28,34,-261,8,-16,-257
25,31,-290,4,-17,-296
28,21,-320,6,-27,-316
25,12,-332,4,-34,-353
20,17,-318,4,-39,-341
15,19,-286,0,-30,-320
21,19,-254,-2,-24,-280
22,32,-227,4,-20,-259
19,29,-221,0,-15,-242
28,25,-224,8,-16,-239
25,38,-275,8,-14,-280
28,27,-294,6,-16,-300
24,19,-335,9,-28,-330
27,12,-328,3,-37,-346
20,21,-308,-1,-34,-338
15,21,-271,-3,-27,-306
23,27,-241,0,-25,-272
21,35,-224,4,-17,-253
24,26,-218,-2,-15,-239
27,33,-252,9,-15,-239
26,32,-289,5,-13,-285
27,22,-313,5,-21,-302
25,11,-335,5,-31,-344
25,18,-322,5,-36,-341
21,19,-291,2,-32,-331
16,22,-259,-5,-27,-298
17,22,-229,2,-22,-272
24,32,-229,3,-16,-253
20,33,-217,0,-13,-235
28,26,-220,5,-15,-246
27,39,-274,6,-12,-296
28,29,-292,6,-21,-305
27,21,-329,4,-30,-346
25,14,-328,4,-38,-343
22,23,-311,1,-32,-326
15,23,-275,-2,-23,-291
23,27,-245,2,-17,-267
23,32,-221,0,-15,-246
24,29,-217,3,-17,-236
30,30,-241,8,-15,-254
28,38,-282,5,-16,-296
29,25,-306,5,-25,-316
25,15,-337,4,-33,-348
24,16,-324,3,-37,-336
20,21,-297,-1,-28,-324
19,22,-262,-2,-23,-287
25,29,-230,5,-16,-258
19,32,-221,0,-18,-238
27,25,-219,6,-17,-232
29,37,-268,6,-13,-270
29,29,-292,7,-19,-300
28,21,-326,7,-26,-326
26,11,-329,3,-35,-350
20,18,-315,1,-35,-339
15,20,-280,-3,-27,-311
21,22,-250,0,-24,-277
25,32,-225,4,-18,-258
20,27,-220,-2,-13,-238
28,26,-230,7,-15,-237
23,39,-279,5,-10,-287
28,26,-299,7,-20,-298
25,16,-340,6,-29,-334
25,12,-327,2,-36,-342
20,21,-302,3,-34,-334
16,23,-265,-3,-25,-303
23,26,-236,0,-20,-271
17,32,-220,3,-17,-251
25,27,-217,0,-14,-239
28,34,-261,7,-16,-242
27,32,-291,7,-13,-287
28,20,-321,6,-22,-301
24,11,-333,4,-30,-348
21,19,-319,5,-41,-339
21,21,-288,1,-33,-326
19,22,-254,-5,-23,-288
19,31,-226,0,-20,-267
23,31,-219,2,-15,-247
19,31,-219,4,-16,-234
29,26,-273,7,-12,-251
24,40,-273,3,-10,-294
28,30,-293,10,-24,-311
26,22,-335,3,-31,-341
20,20,-307,-2,-27,-323
16,21,-269,-2,-23,-287
25,27,-239,3,-20,-263
20,36,-222,1,-14,-245
24,28,-217,2,-11,-239
29,33,-248,8,-14,-269
26,36,-287,5,-19,-302
28,23,-314,7,-26,-320
27,13,-336,2,-33,-348
23,17,-322,6,-40,-336
16,18,-290,-2,-26,-316
18,24,-258,0,-23,-282
25,30,-227,5,-17,-257
18,33,-219,0,-12,-240
26,28,-222,8,-15,-238
27,38,-273,6,-16,-275
27,29,-293,8,-23,-302
28,20,-331,4,-27,-335
26,13,-325,6,-34,-349
21,21,-312,3,-34,-333
14,20,-277,-1,-26,-303
21,25,-246,0,-20,-270
23,30,-224,4,-17,-248
23,27,-218,-1,-13,-234
28,29,-241,6,-16,-241
24,38,-283,5,-12,-293
28,25,-307,9,-24,-303
25,12,-338,3,-32,-346
23,14,-325,5,-41,-343
18,20,-298,2,-32,-332
15,22,-261,-6,-21,-296
24,28,-232,3,-21,-274
18,30,-221,3,-15,-249
26,26,-221,2,-13,-239
26,37,-269,10,-16,-251
26,30,-293,4,-12,-295
26,21,-327,9,-23,-309
25,11,-330,3,-31,-347
22,21,-316,6,-38,-343
15,19,-282,2,-29,-327
19,23,-249,-4,-24,-282
19,33,-225,1,-19,-262
20,29,-218,1,-18,-241
20,29,-231,3,-15,-237
29,27,-278,6,-12,-267
25,39,-278,5,-17,-297
32,28,-297,7,-26,-315
25,16,-325,5,-34,-351
26,14,-325,1,-37,-341
21,23,-299,0,-30,-320
16,22,-263,-1,-23,-280
25,28,-237,2,-17,-262
20,34,-218,-3,-12,-241
29,26,-219,7,-16,-240
28,36,-260,6,-15,-274
28,31,-289,6,-21,-300
28,23,-322,9,-30,-330
25,13,-333,5,-37,-346
22,19,-318,4,-36,-336
16,19,-284,-1,-24,-313
20,24,-251,1,-23,-277
24,33,-226,6,-21,-252
21,30,-217,-1,-15,-235
29,27,-225,9,-17,-240
26,40,-275,4,-15,-287
28,27,-292,5,-21,-299
25,20,-336,5,-29,-341
27,14,-327,5,-39,-343
21,22,-305,1,-32,-333
16,20,-270,-2,-27,-297
22,26,-240,-1,-18,-269
20,32,-223,2,-16,-246
24,25,-218,2,-15,-235
28,32,-250,8,-13,-248
27,33,-290,4,-11,-295
29,22,-314,8,-27,-306
26,11,-337,3,-33,-345
21,17,-322,5,-41,-342
16,18,-291,3,-31,-322
18,20,-259,-3,-21,-287
24,29,-227,2,-20,-263
18,32,-220,2,-13,-250
27,26,-221,5,-15,-239
25,38,-274,11,-16,-260
28,28,-292,6,-17,-298
26,20,-331,7,-27,-315
26,13,-328,3,-33,-352
21,20,-312,4,-37,-341
15,19,-274,2,-27,-321
15,25,-246,0,-24,-279
21,32,-224,5,-21,-258
23,28,-218,-3,-14,-240
23,31,-240,5,-12,-238
28,36,-285,7,-16,-271
25,36,-308,5,-17,-299
29,26,-340,6,-25,-333
25,14,-340,2,-35,-342
26,15,-326,3,-34,-340
19,22,-298,-2,-30,-309
17,22,-261,-1,-25,-280
25,30,-231,2,-17,-253
20,32,-220,-1,-14,-238
28,26,-218,8,-17,-239
28,39,-271,2,-11,-289
29,30,-293,7,-21,-302
31,22,-324,4,-30,-337
27,12,-328,5,-41,-338
23,20,-313,5,-33,-333
17,21,-280,-2,-27,-298
21,24,-247,1,-22,-269
23,33,-225,4,-16,-254
22,30,-219,1,-14,-237
30,28,-232,6,-13,-243
26,40,-278,6,-13,-293
28,27,-298,7,-23,-308
24,17,-335,3,-29,-351
27,14,-325,7,-41,-340
19,20,-301,1,-27,-327
16,23,-264,-5,-24,-291
24,27,-235,4,-20,-266
18,30,-220,2,-13,-247
26,26,-219,2,-16,-230
26,35,-262,10,-15,-260
27,32,-291,4,-16,-296
27,20,-322,9,-23,-315
26,11,-331,3,-31,-345
21,19,-318,5,-39,-342
15,19,-286,-1,-28,-321
18,23,-253,-2,-25,-284
24,30,-227,4,-17,-260
18,29,-218,3,-14,-245
27,26,-226,8,-16,-241
25,40,-274,8,-17,-273
28,27,-295,7,-17,-304
24,18,-335,5,-25,-327
25,14,-326,4,-37,-345
19,21,-307,6,-35,-339
15,21,-270,-3,-30,-310
24,26,-241,3,-24,-277
21,32,-223,3,-21,-253
24,26,-218,-2,-13,-237
28,32,-253,8,-14,-242
28,34,-289,7,-14,-284
26,23,-315,10,-21,-300
27,23,-337,6,-28,-335
24,16,-320,3,-35,-343
22,16,-320,1,-36,-331
16,20,-256,-1,-23,-300
18,23,-256,1,-19,-271
25,31,-228,3,-16,-254
19,33,-218,0,-15,-236
28,26,-223,8,-15,-243
27,39,-275,8,-16,-293
29,29,-292,8,-23,-302
27,21,-326,4,-31,-345
26,14,-327,5,-39,-338
22,21,-309,0,-27,-327
15,23,-277,-3,-21,-292
22,25,-245,3,-19,-265
21,33,-225,1,-14,-248
24,27,-218,5,-17,-235
29,30,-238,10,-15,-252
27,36,-284,4,-12,-298
29,25,-309,7,-26,-314
27,12,-338,4,-33,-351
25,15,-325,7,-38,-337
17,20,-296,2,-30,-319
17,23,-260,-1,-24,-287
24,27,-233,5,-19,-260
18,33,-216,1,-14,-242
26,26,-219,6,-15,-240
26,36,-268,6,-17,-266
28,27,-291,4,-17,-298
26,20,-327,5,-25,-323
26,12,-328,4,-37,-342
21,19,-314,1,-36,-336
16,19,-280,-1,-27,-313
20,24,-248,-2,-21,-278
23,30,-224,2,-17,-256
20,28,-218,-2,-13,-237
29,27,-230,5,-12,-242
25,39,-279,7,-14,-285
28,27,-299,4,-17,-302
25,14,-337,7,-26,-336
24,14,-327,5,-39,-346
19,21,-303,0,-33,-330
16,22,-265,-5,-24,-301
23,27,-235,2,-21,-268
18,30,-221,4,-19,-255
26,26,-217,1,-16,-235
27,34,-262,8,-15,-245
27,30,-291,4,-15,-286
27,22,-322,7,-21,-298
27,13,-333,5,-33,-344
25,19,-317,5,-38,-346
21,19,-287,2,-30,-329
15,20,-249,-2,-23,-289
20,23,-249,2,-22,-266
25,32,-225,-1,-14,-251
20,30,-216,3,-12,-238
28,25,-226,9,-16,-247
27,41,-275,7,-13,-295
29,29,-295,6,-25,-311
26,19,-333,2,-32,-349
28,14,-326,4,-42,-338
18,24,-304,-1,-30,-320
15,23,-269,-3,-22,-285
23,27,-240,1,-20,-263
20,34,-221,1,-15,-244
25,28,-219,5,-14,-241
30,36,-252,9,-15,-263
27,35,-289,3,-13,-304
28,23,-316,7,-25,-324
25,13,-334,4,-35,-347
22,18,-321,1,-35,-341
16,21,-289,1,-28,-321
18,23,-256,-1,-21,-280
25,30,-227,3,-17,-257
19,31,-219,2,-14,-240
28,25,-223,8,-14,-238
26,39,-274,5,-13,-280
28,29,-291,5,-18,-304
26,21,-329,8,-27,-335
26,12,-328,3,-39,-340
20,20,-312,1,-33,-344
15,18,-275,-2,-28,-310
22,26,-243,-2,-21,-275
21,32,-222,7,-18,-251
25,26,-218,-2,-14,-237
28,30,-243,7,-16,-238
25,36,-285,2,-12,-289
29,24,-307,6,-23,-306
23,12,-338,6,-30,-341
23,14,-325,7,-36,-348
17,19,-297,1,-34,-331
17,23,-260,-8,-23,-291
25,27,-232,2,-21,-268
17,32,-219,1,-15,-250
27,25,-219,1,-13,-239
27,37,-271,7,-13,-249
26,29,-293,4,-13,-291
27,22,-329,7,-23,-309
26,13,-331,2,-28,-350
26,19,-313,6,-38,-340
20,18,-279,0,-26,-326
15,24,-248,-1,-22,-291
21,24,-225,1,-20,-266
23,31,-225,1,-14,-246
21,30,-219,3,-13,-238
30,27,-229,6,-11,-259
27,37,-280,4,-14,-295
30,27,-299,9,-26,-317
27,17,-335,4,-35,-348
24,14,-323,2,-37,-343
21,24,-304,1,-29,-318
18,22,-262,-2,-22,-281
24,29,-233,2,-21,-258
19,32,-221,-1,-15,-239
27,27,-217,6,-16,-242
30,35,-260,8,-15,-273
29,31,-289,8,-19,-299
28,23,-321,6,-24,-329
26,12,-330,5,-35,-344
22,19,-318,1,-35,-337
17,20,-284,-4,-26,-310
19,25,-252,2,-23,-274
24,31,-226,6,-20,-258
20,29,-218,-3,-13,-237
29,25,-226,7,-16,-243
24,42,-274,7,-15,-290
29,27,-294,4,-21,-306
26,18,-334,9,-30,-339
27,14,-325,6,-38,-342
21,21,-305,4,-33,-336
15,21,-269,-4,-27,-293
22,26,-238,0,-19,-270
20,32,-223,4,-17,-246
23,26,-219,1,-14,-235
29,31,-252,10,-17,-244
26,34,-289,4,-16,-289
27,23,-316,7,-21,-308
25,12,-335,5,-33,-347
20,17,-323,6,-40,-339
16,19,-290,0,-36,-328
18,22,-258,-3,-24,-289
24,30,-227,0,-19,-265
19,30,-220,2,-16,-248
28,24,-221,2,-16,-235
26,37,-274,8,-17,-254
26,28,-292,6,-15,-298
25,20,-333,7,-25,-318
25,14,-327,5,-33,-349
25,20,-310,5,-39,-338
21,19,-273,1,-25,-321
15,19,-244,-2,-21,-281
21,35,-224,6,-19,-261
23,35,-224,0,-17,-239
24,27,-244,5,-17,-234
29,29,-285,6,-16,-267
25,38,-285,7,-18,-301
30,26,-313,5,-30,-327
24,14,-335,2,-33,-347
26,17,-327,1,-35,-335
21,21,-294,-2,-26,-313
20,22,-257,-2,-21,-276
25,28,-230,4,-19,-255
18,34,-219,-2,-16,-235
30,25,-219,6,-14,-240
30,36,-267,5,-13,-284
28,30,-290,7,-21,-302
28,22,-329,4,-27,-340
27,13,-328,5,-38,-338
22,20,-313,-1,-29,-332
16,20,-279,-2,-27,-300
20,24,-249,0,-23,-270
24,30,-223,0,-14,-251
23,29,-218,0,-14,-237
30,28,-230,8,-16,-249
24,39,-278,6,-9,-292
27,26,-300,10,-22,-303
26,14,-337,8,-30,-341
25,14,-326,6,-41,-343
19,20,-301,1,-27,-329
16,22,-264,-3,-24,-288
24,27,-236,3,-19,-269
19,30,-221,1,-16,-248
26,26,-217,3,-19,-234
27,35,-263,9,-15,-253
28,30,-291,5,-14,-294
27,21,-322,8,-26,-309
25,12,-332,2,-32,-347
22,18,-319,6,-41,-346
14,21,-284,2,-29,-321
19,22,-254,-3,-22,-285
23,32,-227,3,-21,-262
19,29,-218,-2,-15,-244
27,25,-229,4,-14,-244
24,40,-276,7,-14,-270
28,27,-297,5,-14,-304
25,17,-335,8,-27,-318
26,13,-326,2,-35,-344
19,22,-305,3,-33,-339
13,22,-269,-4,-27,-307
13,26,-239,-1,-21,-275
19,30,-223,5,-16,-258
19,30,-220,-2,-15,-236
25,32,-254,7,-12,-239
30,32,-286,3,-12,-285
26,35,-316,9,-21,-300
30,24,-316,7,-30,-334
26,15,-336,5,-42,-339
24,16,-320,2,-32,-335
17,20,-290,-4,-28,-303
19,23,-255,-1,-20,-274
24,32,-227,2,-16,-254
20,32,-217,0,-15,-237
29,26,-221,7,-15,-242
26,39,-272,3,-14,-287
29,29,-293,9,-25,-302
27,23,-332,8,-31,-343
26,14,-328,6,-38,-340
23,20,-309,0,-29,-335
15,20,-273,-4,-22,-291
22,27,-242,1,-19,-264
22,33,-222,2,-14,-251
23,29,-216,1,-15,-236
29,29,-241,6,-14,-251
25,36,-285,5,-15,-292
28,23,-308,7,-21,-307
25,12,-339,4,-32,-351
24,14,-325,5,-38,-340
17,19,-297,1,-28,-330
17,22,-261,-2,-22,-285
24,28,-230,5,-17,-265
17,33,-218,1,-16,-241
28,25,-218,6,-14,-238
26,35,-269,9,-15,-259
27,29,-289,9,-16,-300
26,22,-328,6,-25,-319
24,13,-327,4,-34,-349
20,21,-315,3,-36,-336
14,19,-280,-1,-23,-320
20,23,-249,-3,-21,-278
22,29,-224,6,-17,-259
22,27,-218,-3,-15,-238
29,26,-232,6,-17,-240
25,38,-280,7,-16,-283
28,25,-301,6,-20,-305
25,13,-339,7,-29,-335
25,13,-326,6,-38,-344
20,21,-301,1,-31,-337
16,22,-262,-3,-25,-307
24,27,-235,-1,-20,-276
24,32,-222,5,-18,-252
26,29,-219,1,-12,-237
26,29,-264,9,-17,-242
29,31,-291,7,-13,-291
26,22,-324,9,-23,-303
27,22,-324,7,-30,-337
27,13,-317,6,-38,-348
23,19,-317,4,-31,-331
18,21,-286,-2,-24,-293
21,25,-250,2,-21,-271
25,31,-223,4,-17,-251
21,31,-220,2,-17,-235
29,28,-227,7,-15,-247
23,41,-276,5,-13,-290
30,28,-294,7,-21,-305
24,19,-335,3,-35,-349
28,14,-325,5,-41,-339
21,22,-305,0,-29,-326
16,23,-270,-4,-23,-287
22,26,-239,6,-19,-262
19,33,-220,3,-16,-247
25,27,-217,5,-14,-233
29,34,-251,10,-15,-264
27,33,-290,7,-16,-300
29,21,-316,5,-26,-316
24,13,-334,4,-35,-345
23,15,-318,6,-39,-341
17,20,-291,-2,-28,-319
18,22,-257,-2,-23,-283
24,31,-226,6,-17,-259
17,30,-217,1,-13,-241
28,25,-222,4,-16,-239
27,38,-275,5,-15,-277
28,27,-292,7,-16,-306
24,20,-333,5,-28,-332
26,13,-328,2,-35,-347
21,21,-310,0,-34,-337
14,20,-274,-3,-25,-305
21,25,-244,0,-25,-275
22,30,-224,6,-17,-252
23,26,-218,0,-16,-241
28,29,-243,5,-14,-244
25,34,-285,4,-14,-288
28,23,-309,5,-20,-306
24,11,-337,4,-27,-339
23,14,-324,5,-37,-346
17,20,-295,1,-35,-334
17,21,-260,-4,-26,-293
25,29,-232,3,-21,-272
19,32,-221,2,-17,-248
28,26,-219,0,-13,-237
28,35,-272,7,-14,-246
28,29,-292,2,-9,-294
28,29,-327,9,-24,-305
27,12,-328,2,-30,-344
26,12,-328,5,-38,-340
21,22,-313,3,-28,-325
14,20,-248,-2,-24,-291
20,25,-248,2,-21,-265
24,35,-225,3,-15,-243
23,29,-218,5,-16,-237
30,30,-234,11,-16,-258
25,40,-277,3,-15,-296
29,26,-300,8,-27,-313
26,16,-339,5,-34,-346
25,15,-325,3,-39,-341
20,21,-299,-3,-29,-318
17,22,-263,-4,-22,-283
24,28,-235,4,-20,-259
20,34,-220,0,-14,-239
27,29,-217,5,-16,-238
27,35,-261,9,-17,-270
27,32,-290,9,-19,-301
27,23,-322,7,-27,-330
26,13,-330,5,-34,-346
22,21,-318,4,-37,-338
17,20,-286,-6,-27,-312
19,24,-251,-1,-22,-278
24,30,-225,5,-19,-252
20,29,-218,2,-14,-237
28,25,-228,7,-16,-239
23,40,-275,4,-12,-286
29,28,-295,4,-19,-303
25,18,-335,4,-26,-342
24,14,-326,4,-38,-341
20,21,-304,3,-33,-331
15,22,-268,-5,-27,-296
23,27,-238,1,-21,-269
20,30,-221,7,-18,-250
24,26,-218,0,-16,-238
26,33,-256,7,-15,-244
27,33,-290,5,-13,-294
29,23,-317,9,-25,-301
25,12,-334,4,-34,-344
21,18,-321,8,-40,-336
16,21,-289,5,-29,-330
18,22,-256,-5,-25,-294
26,28,-227,2,-19,-264
19,31,-219,2,-14,-255
28,25,-224,3,-16,-234
25,38,-276,9,-18,-250
25,28,-292,3,-13,-296
28,20,-333,6,-25,-313
25,15,-328,3,-34,-349
26,15,-308,5,-40,-339
18,25,-273,1,-31,-316
14,22,-273,-2,-23,-285
22,27,-223,3,-15,-259
22,30,-223,-2,-15,-240
24,27,-217,3,-14,-236
27,32,-242,7,-13,-268
27,38,-284,7,-17,-302
29,25,-308,6,-27,-327
24,13,-339,3,-34,-348
23,17,-324,3,-37,-335
18,21,-293,0,-28,-315
18,19,-259,0,-22,-277
24,30,-231,3,-19,-259
18,31,-217,-1,-13,-237
28,26,-217,8,-16,-239
28,37,-270,6,-14,-285
28,29,-292,7,-21,-302
29,23,-328,3,-28,-334
27,12,-328,6,-40,-342
21,21,-313,2,-33,-332
15,18,-276,-1,-24,-306
20,25,-247,0,-21,-269
23,34,-223,4,-17,-251
22,28,-219,0,-14,-235
29,27,-233,8,-16,-242
25,39,-280,4,-13,-290
28,25,-303,6,-21,-305
25,14,-339,6,-31,-349
24,14,-325,7,-37,-339
19,21,-302,0,-29,-329
17,21,-265,-5,-24,-293
23,27,-234,1,-21,-267
18,33,-221,0,-13,-252
27,25,-219,4,-14,-233
27,34,-263,8,-13,-253
27,30,-289,5,-11,-297
26,21,-323,13,-25,-307
25,12,-332,3,-30,-353
20,19,-318,4,-41,-342
16,19,-284,1,-30,-326
18,21,-252,-3,-28,-291
24,29,-224,6,-21,-259
20,29,-218,0,-17,-243
29,25,-227,8,-18,-235
25,39,-275,7,-15,-263
27,26,-294,4,-15,-299
27,18,-336,5,-25,-324
25,16,-326,4,-35,-341
25,16,-303,2,-35,-338
21,21,-268,-3,-28,-317
16,27,-240,-1,-20,-282
22,27,-219,3,-20,-253
21,32,-219,-2,-16,-240
27,28,-214,4,-16,-234
28,35,-258,8,-13,-281
27,33,-287,10,-20,-307
29,23,-315,6,-25,-336
26,13,-335,5,-35,-345
21,20,-318,1,-37,-337
16,21,-287,-6,-25,-305
20,23,-256,-1,-22,-279
24,30,-226,6,-15,-251
21,31,-219,0,-16,-236
28,27,-223,8,-15,-244
26,40,-271,6,-14,-285
30,30,-292,9,-23,-304
26,21,-332,5,-33,-346
27,14,-325,6,-42,-340
22,21,-310,1,-34,-329
15,21,-273,-4,-26,-297
23,25,-242,3,-19,-266
21,30,-223,5,-17,-251
24,27,-218,5,-16,-237
28,29,-242,6,-14,-246
26,35,-286,4,-14,-291
27,23,-309,11,-25,-307
26,12,-338,3,-32,-348
23,15,-325,6,-39,-337
16,19,-294,1,-28,-325
20,22,-260,-6,-23,-288
24,28,-231,3,-15,-263
18,30,-218,4,-16,-246
27,27,-219,2,-14,-236
25,38,-271,7,-17,-254
27,30,-291,4,-17,-299
27,20,-328,4,-28,-316
26,12,-328,2,-35,-350
20,20,-314,2,-37,-338
15,20,-277,-2,-29,-318
20,24,-248,-5,-19,-281
22,32,-224,4,-19,-252
22,27,-217,0,-14,-238
28,26,-235,6,-16,-235
25,39,-280,8,-14,-278
29,24,-302,6,-17,-305
24,15,-339,8,-29,-328
25,14,-327,5,-38,-344
19,21,-300,2,-34,-340
19,23,-263,-4,-26,-310
23,26,-235,-2,-21,-274
23,26,-220,3,-19,-256
19,32,-220,-2,-15,-233
29,27,-263,8,-15,-243
27,36,-263,5,-12,-288
27,33,-288,10,-23,-301
27,24,-330,3,-28,-342
20,19,-316,3,-31,-330
17,19,-281,-3,-26,-295
19,27,-249,5,-21,-267
27,31,-224,2,-16,-246
19,32,-218,1,-17,-237
29,27,-228,9,-17,-247
26,41,-274,3,-13,-293
30,28,-293,8,-25,-309
26,18,-333,8,-33,-346
26,13,-324,5,-40,-341
20,22,-305,1,-30,-329
16,24,-268,-5,-24,-290
24,28,-237,5,-19,-262
21,32,-222,0,-16,-245
26,25,-217,4,-15,-236
28,33,-255,9,-18,-256
27,32,-290,7,-14,-301
29,23,-317,12,-27,-319
26,11,-334,3,-37,-348
21,17,-320,2,-36,-346
15,18,-289,-1,-30,-317
19,23,-254,0,-23,-278
25,28,-226,4,-19,-257
19,30,-219,-3,-16,-236
28,26,-224,4,-17,-236
26,40,-274,7,-15,-273
27,28,-291,6,-17,-296
24,19,-331,5,-26,-331
26,14,-326,3,-36,-344
20,20,-309,1,-34,-341
14,21,-273,-5,-28,-313
22,24,-244,-1,-24,-279
21,31,-224,2,-16,-257
23,26,-218,0,-12,-240
28,30,-246,7,-17,-238
25,35,-286,8,-14,-289
28,24,-311,8,-24,-302
24,11,-338,6,-28,-340
23,16,-325,5,-37,-341
18,21,-294,3,-35,-331
18,22,-259,-5,-27,-301
18,28,-230,1,-22,-275
17,31,-220,6,-16,-256
17,31,-221,1,-16,-235
29,38,-272,10,-18,-241
26,38,-289,5,-14,-290
27,30,-327,9,-25,-305
27,23,-327,5,-31,-347
26,13,-329,5,-38,-344
20,22,-312,1,-30,-326
16,21,-278,-2,-25,-286
21,26,-244,2,-21,-262
23,36,-221,2,-14,-247
22,29,-216,5,-14,-234
30,29,-233,8,-15,-253
26,41,-280,7,-13,-301
28,26,-302,6,-26,-310
26,14,-337,7,-33,-355
25,14,-325,4,-39,-343
21,21,-299,-2,-30,-319
16,22,-262,-3,-21,-261
17,32,-220,1,-13,-240
27,26,-218,4,-18,-236
27,36,-262,9,-16,-268
28,31,-291,4,-16,-301
28,20,-324,5,-27,-328
25,12,-330,5,-37,-345
21,19,-317,3,-35,-340
16,20,-281,-3,-25,-317
20,22,-250,-2,-24,-280
21,31,-225,4,-20,-252
20,28,-219,0,-15,-238
28,25,-226,7,-16,-238
25,39,-278,7,-15,-280
28,27,-294,8,-21,-300
25,18,-334,5,-25,-335
25,13,-326,3,-36,-340
20,20,-304,2,-31,-335
15,21,-267,-5,-29,-302
21,26,-238,1,-21,-273
19,33,-224,4,-17,-253
26,25,-219,0,-16,-238
28,33,-257,8,-16,-244
28,30,-290,4,-11,-290
27,22,-318,7,-20,-304
24,11,-333,6,-32,-343
21,17,-320,8,-38,-339
16,19,-289,0,-33,-330
18,23,-255,-6,-22,-289
25,31,-226,3,-24,-267
18,31,-219,4,-17,-243
18,31,-223,1,-14,-236
29,41,-275,11,-16,-249
29,27,-293,7,-13,-309
26,19,-327,4,-30,-350
26,14,-327,1,-36,-343
22,23,-307,1,-26,-329
14,23,-273,-4,-23,-287
23,28,-244,5,-17,-261
22,35,-226,1,-14,-244
23,27,-217,7,-18,-238
28,31,-246,8,-15,-265
26,35,-286,3,-17,-298
31,24,-311,5,-27,-322
25,12,-337,4,-37,-345
24,17,-325,1,-37,-338
17,20,-294,-1,-26,-315
17,23,-259,0,-23,-280
26,29,-230,4,-17,-257
20,32,-215,-2,-14,-242
29,25,-218,6,-14,-234
27,36,-270,6,-16,-276
28,29,-288,5,-21,-303
27,23,-328,7,-31,-334
26,14,-326,6,-38,-335
20,20,-312,1,-36,-334
15,20,-278,0,-26,-312
19,25,-248,-1,-25,-274
22,32,-225,3,-16,-254
22,27,-219,1,-12,-239
29,27,-233,8,-16,-240
24,37,-280,5,-13,-289
28,24,-303,7,-24,-302
25,13,-338,5,-33,-339
25,13,-327,4,-41,-341
19,21,-301,4,-32,-332
16,22,-264,-3,-28,-296
24,28,-234,3,-22,-272
18,31,-221,2,-19,-247
27,27,-219,0,-16,-234
26,35,-266,6,-12,-247
27,29,-291,4,-12,-292
26,22,-325,6,-24,-308
26,12,-330,6,-32,-349
20,18,-316,7,-39,-340
14,18,-284,2,-31,-319
19,23,-253,-2,-24,-287
24,32,-226,2,-18,-259
20,29,-218,1,-16,-248
27,27,-227,6,-16,-240
27,40,-276,6,-16,-263
25,28,-297,4,-14,-295
28,28,-338,9,-29,-319
25,19,-327,4,-36,-346
26,15,-305,4,-38,-336
22,21,-305,0,-29,-313
16,24,-268,-6,-19,-282
23,28,-238,3,-18,-261
20,32,-222,1,-14,-237
27,26,-216,5,-14,-234
30,33,-256,7,-16,-281
27,35,-290,6,-22,-297
26,24,-319,6,-31,-336
24,14,-333,7,-38,-347
22,20,-317,3,-37,-333
17,19,-288,-5,-28,-307
20,22,-253,-1,-23,-276
25,31,-226,3,-15,-254
19,32,-218,0,-13,-237
29,26,-223,7,-16,-239
25,39,-272,7,-16,-286
27,29,-292,5,-21,-301
25,21,-332,4,-28,-339
27,15,-326,6,-39,-340
21,23,-309,3,-32,-332
14,20,-273,-5,-26,-294
21,25,-242,1,-18,-269
21,31,-222,2,-15,-250
24,26,-217,2,-13,-239
29,29,-247,8,-16,-249
26,34,-286,4,-12,-292
28,23,-310,7,-25,-305
24,12,-338,4,-32,-350
22,14,-323,6,-41,-339
16,19,-295,1,-28,-329
17,21,-260,-4,-22,-287
24,28,-231,3,-17,-266
17,31,-218,0,-15,-245
28,24,-220,4,-15,-237
26,37,-272,8,-14,-257
27,28,-292,5,-18,-292
25,21,-329,7,-24,-314
24,13,-326,4,-33,-347
20,20,-313,3,-38,-337
15,19,-277,-1,-30,-312
21,24,-248,-3,-22,-279
22,33,-225,2,-16,-257
22,29,-220,0,-13,-240
28,28,-235,6,-14,-235
24,38,-281,6,-11,-278
24,26,-303,5,-18,-303
28,13,-339,9,-27,-329
25,13,-327,6,-37,-348
24,16,-298,2,-36,-336
19,22,-265,-2,-26,-311
17,22,-231,1,-23,-277
25,28,-221,3,-19,-254
19,35,-221,-3,-11,-240
24,28,-219,9,-16,-238
27,37,-266,8,-15,-286
29,31,-295,7,-22,-300
27,24,-323,7,-31,-343
27,14,-328,4,-36,-338
22,20,-316,2,-31,-332
15,20,-282,-4,-24,-299
20,24,-250,2,-22,-272
26,34,-227,1,-15,-251
22,30,-215,1,-15,-238
29,28,-226,8,-18,-243
25,41,-275,5,-13,-287
29,28,-294,8,-23,-303
26,18,-336,6,-30,-350
25,15,-327,4,-38,-340
21,22,-303,1,-31,-331
16,22,-266,-4,-23,-291
25,25,-236,3,-17,-267
20,31,-222,1,-12,-248
27,26,-218,1,-12,-238
28,34,-258,8,-18,-254
27,32,-290,6,-14,-297
29,22,-319,6,-26,-313
25,11,-333,2,-34,-347
20,18,-321,5,-38,-343
14,19,-287,-3,-27,-324
18,21,-254,-3,-21,-283
24,30,-227,3,-20,-242
28,24,-224,7,-14,-234
26,36,-273,7,-14,-271
28,27,-292,6,-17,-299
25,18,-334,7,-28,-327
26,13,-326,3,-33,-344
21,21,-310,4,-36,-340
16,19,-272,-1,-27,-313
21,26,-241,-2,-19,-276
22,34,-223,3,-19,-255
23,26,-217,-1,-10,-238
27,31,-249,7,-17,-238
26,35,-288,8,-14,-285
28,23,-312,10,-22,-307
24,11,-339,7,-27,-336
24,16,-322,4,-41,-343
16,20,-295,3,-32,-337
16,20,-257,-3,-24,-302
20,29,-230,1,-16,-270
24,29,-230,2,-13,-252
18,32,-221,1,-15,-242
28,27,-221,7,-12,-247
25,40,-269,6,-15,-293
29,28,-292,6,-20,-308
27,24,-331,5,-29,-343
26,16,-329,8,-38,-339
21,22,-309,-1,-31,-328
16,22,-278,-6,-23,-293
22,24,-246,2,-22,-263
24,31,-222,3,-16,-242
24,30,-219,1,-12,-235
30,29,-234,11,-16,-247
27,37,-281,4,-15,-294
29,27,-304,7,-24,-305
25,14,-338,7,-33,-348
26,15,-324,4,-39,-337
18,23,-299,-1,-27,-328
18,21,-263,-4,-23,-286
24,26,-232,4,-19,-264
19,31,-220,0,-17,-240
25,27,-216,4,-16,-234
27,36,-265,9,-13,-270
28,31,-291,6,-20,-304
27,21,-325,9,-27,-330
25,13,-330,2,-32,-353
20,21,-318,2,-39,-339
15,19,-283,-4,-26,-320
20,22,-251,-2,-23,-279
23,32,-226,2,-17,-258
20,29,-219,-3,-13,-241
28,26,-228,5,-14,-237
25,40,-274,7,-14,-277
29,27,-297,6,-20,-306
25,17,-338,5,-28,-333
25,14,-327,7,-37,-343
20,20,-305,2,-34,-331
15,22,-266,-5,-26,-303
22,26,-236,1,-22,-267
19,33,-220,3,-14,-253
24,27,-219,0,-15,-238
27,33,-258,10,-16,-242
28,31,-291,4,-11,-293
27,21,-319,8,-24,-298
24,12,-333,5,-31,-339
21,19,-320,3,-38,-341
16,20,-288,1,-32,-335
16,20,-255,-4,-28,-293
19,31,-225,3,-21,-268
24,31,-222,3,-15,-248
19,31,-225,2,-18,-236
28,28,-276,6,-13,-250
26,39,-276,3,-14,-296
29,30,-296,8,-24,-308
25,22,-334,4,-31,-349
28,14,-326,4,-37,-343
22,19,-308,-1,-28,-325
15,20,-272,-3,-23,-286
24,26,-243,3,-19,-267
23,34,-220,0,-16,-241
25,26,-214,6,-16,-238
30,32,-246,7,-17,-267
28,35,-287,5,-19,-298
28,25,-310,8,-27,-319
24,13,-336,3,-34,-347
24,15,-323,2,-39,-338
18,22,-293,-2,-27,-316
19,22,-260,-3,-20,-281
25,30,-230,5,-19,-260
19,31,-219,0,-15,-237
28,26,-221,9,-16,-241
27,38,-274,5,-15,-282
28,28,-291,7,-23,-307
27,19,-331,4,-30,-330
26,13,-325,5,-37,-345
22,21,-312,2,-34,-337
14,19,-277,-2,-27,-306
22,24,-247,-1,-23,-272
22,31,-223,5,-17,-252
22,28,-218,-1,-14,-237
28,27,-237,7,-13,-243
26,37,-282,5,-13,-284
29,24,-306,7,-20,-304
24,13,-339,5,-29,-343
24,14,-325,5,-38,-344
18,19,-300,2,-32,-328
17,20,-262,-3,-26,-290
23,28,-232,1,-19,-268
17,32,-219,1,-14,-251
26,24,-219,1,-15,-238
27,35,-266,5,-14,-244
26,29,-293,4,-13,-293
26,22,-326,6,-21,-309
25,11,-330,3,-33,-346
20,19,-317,5,-38,-336
14,20,-281,1,-33,-321
14,24,-251,-2,-25,-285
22,30,-226,2,-19,-263
22,30,-219,1,-15,-242
19,26,-227,5,-16,-236
28,40,-278,5,-14,-260
24,40,-295,5,-18,-299
28,27,-334,5,-27,-315
28,16,-334,3,-34,-347
25,16,-327,4,-38,-336
20,24,-300,0,-28,-319
15,24,-266,-1,-21,-278
25,25,-235,3,-19,-256
19,31,-219,1,-16,-237
25,27,-219,7,-15,-239
29,34,-259,7,-15,-275
28,33,-287,7,-19,-299
30,24,-320,6,-28,-329
27,12,-332,4,-35,-344
22,17,-318,-1,-32,-338
17,19,-288,-4,-26,-308
20,22,-252,-1,-23,-251
18,30,-217,-1,-17,-235
29,25,-223,4,-13,-243
26,39,-274,3,-13,-287
28,28,-291,7,-20,-301
26,20,-332,5,-30,-339
27,13,-326,3,-37,-341
21,20,-308,3,-31,-334
14,22,-270,-2,-27,-299
21,25,-242,0,-21,-270
20,34,-223,4,-16,-246
25,26,-217,3,-17,-237
28,31,-250,8,-15,-248
26,34,-288,2,-11,-294
28,21,-312,8,-19,-305
25,12,-335,3,-31,-346
23,15,-322,7,-40,-342
16,19,-293,1,-30,-330
18,20,-260,-2,-25,-289
23,29,-230,5,-19,-267
17,32,-220,0,-13,-248
27,26,-222,4,-16,-238
26,38,-273,8,-15,-253
28,28,-292,4,-17,-294
25,21,-330,9,-28,-314
25,13,-327,4,-33,-349
21,20,-314,4,-37,-335
16,19,-278,1,-29,-320
20,23,-246,-3,-21,-280
22,33,-223,4,-19,-258
23,26,-219,0,-14,-244
23,30,-239,7,-16,-240
28,37,-282,6,-14,-272
25,26,-307,7,-19,-302
27,26,-338,6,-28,-325
24,15,-322,4,-37,-342
25,16,-322,0,-33,-338
19,23,-297,-3,-25,-310
16,24,-230,-3,-20,-256
16,32,-220,0,-15,-235
26,28,-218,8,-14,-241
28,37,-267,6,-15,-290
29,30,-291,5,-23,-304
29,23,-327,6,-31,-340
27,14,-331,5,-35,-344
22,22,-315,2,-30,-336
16,20,-280,-2,-27,-300
19,25,-249,1,-24,-268
24,32,-223,6,-18,-248
21,29,-217,0,-17,-235
29,28,-229,11,-17,-245
25,39,-276,5,-12,-294
30,27,-298,6,-23,-305
26,17,-338,3,-33,-343
26,13,-325,9,-39,-337
19,22,-303,3,-30,-328
16,22,-267,-2,-24,-288
25,27,-235,2,-20,-270
19,32,-220,4,-17,-248
25,26,-220,2,-14,-235
28,34,-259,7,-15,-253
27,32,-292,6,-11,-298
27,22,-320,7,-22,-315
24,12,-334,0,-30,-351
20,17,-320,4,-38,-340
15,18,-284,-2,-29,-323
18,21,-254,-3,-22,-284
23,31,-226,1,-18,-262
19,29,-218,-2,-14,-240
27,27,-224,5,-12,-238
25,39,-275,7,-16,-269
29,27,-291,4,-14,-301
25,19,-334,7,-25,-326
26,13,-326,6,-37,-345
21,21,-308,3,-36,-340
15,21,-272,-1,-27,-316
22,25,-242,-1,-21,-282
22,34,-223,3,-21,-257
26,26,-217,-1,-14,-240
27,32,-247,7,-16,-243
27,34,-288,6,-14,-286
27,24,-312,6,-19,-306
28,11,-335,5,-25,-340
25,11,-323,6,-38,-342
22,17,-294,1,-31,-337
15,22,-294,-6,-25,-303
20,22,-228,-1,-25,-271
25,30,-228,3,-16,-255
18,34,-218,2,-15,-237
28,24,-223,10,-15,-245
29,38,-273,2,-10,-291
28,31,-297,7,-24,-304
26,21,-328,3,-32,-348
27,13,-327,7,-40,-338
22,21,-310,1,-31,-324
16,21,-276,-5,-25,-291
22,25,-246,2,-21,-267
23,34,-223,1,-15,-244
25,27,-217,1,-13,-239
29,30,-238,6,-17,-247
25,38,-283,2,-12,-298
29,26,-306,7,-26,-311
26,13,-338,2,-31,-354
24,16,-326,6,-41,-342
19,21,-298,1,-30,-325
18,21,-262,-5,-21,-291
25,28,-231,2,-18,-262
18,33,-219,0,-13,-244
26,26,-219,6,-15,-234
26,36,-268,10,-18,-266
28,29,-290,5,-15,-300
27,22,-326,6,-26,-324
26,11,-329,5,-35,-353
22,19,-316,4,-38,-339
16,18,-281,-4,-29,-310
20,22,-251,-2,-22,-280
22,30,-224,0,-15,-255
21,27,-218,-1,-16,-239
28,26,-228,6,-16,-234
24,38,-277,7,-17,-279
28,26,-298,5,-18,-304
24,16,-338,7,-30,-333
25,13,-327,4,-40,-345
18,21,-304,3,-34,-332
15,22,-267,-5,-29,-304
23,26,-237,0,-26,-271
19,32,-220,3,-17,-252
26,25,-218,-1,-16,-237
27,36,-259,8,-15,-241
26,32,-290,4,-15,-281
26,23,-319,9,-21,-305
25,11,-334,3,-26,-347
25,11,-318,6,-37,-342
22,19,-286,3,-33,-331
16,22,-254,-5,-25,-291
20,22,-226,1,-21,-267
25,31,-218,3,-17,-247
18,30,-218,3,-15,-239
27,27,-223,7,-15,-246
25,41,-274,3,-12,-291
29,29,-290,8,-25,-308
25,20,-334,4,-32,-347
27,16,-327,7,-38,-343
21,22,-308,0,-31,-326
15,22,-271,-5,-25,-289
23,27,-242,3,-22,-264
22,33,-223,1,-17,-245
25,29,-216,3,-17,-237
29,32,-250,9,-16,-261
28,34,-287,4,-16,-298
27,23,-312,9,-25,-316
25,13,-335,4,-35,-347
22,16,-322,2,-36,-337
17,19,-292,0,-28,-318
18,22,-258,-1,-22,-282
23,29,-227,4,-19,-258
18,31,-220,0,-14,-240
29,26,-219,5,-13,-243
27,37,-272,7,-17,-272
30,27,-290,9,-20,-306
25,20,-329,7,-31,-326
27,13,-326,2,-35,-340
22,21,-312,2,-35,-341
14,18,-276,-3,-28,-311
22,25,-244,0,-22,-276
22,33,-224,5,-17,-252
23,26,-218,-1,-17,-234
28,29,-238,7,-16,-240
24,36,-284,5,-14,-289
27,23,-306,7,-24,-306
24,13,-336,2,-29,-340
23,15,-325,7,-36,-341
19,19,-300,0,-31,-334
17,21,-261,-2,-23,-297
24,27,-231,2,-22,-267
18,33,-219,3,-17,-253
26,25,-220,0,-14,-238
27,36,-267,8,-15,-242
27,29,-291,6,-11,-297
26,23,-326,7,-22,-305
26,13,-330,7,-31,-346
26,21,-316,6,-39,-340
15,20,-281,3,-30,-325
15,20,-250,-1,-22,-282
21,31,-223,3,-18,-263
24,31,-220,1,-17,-246
22,30,-230,5,-14,-241
31,29,-230,9,-16,-259
27,42,-279,6,-17,-300
29,27,-298,7,-25,-318
25,16,-337,5,-34,-353
27,15,-328,3,-39,-343
21,21,-304,1,-26,-320
18,23,-265,-1,-25,-281
25,27,-237,3,-18,-259
21,33,-221,-1,-14,-242
27,28,-219,6,-16,-239
30,35,-260,6,-15,-267
27,33,-289,5,-18,-301
27,24,-317,4,-26,-326
27,11,-332,5,-37,-340
22,19,-316,-1,-32,-343
15,19,-283,-2,-28,-313
20,23,-251,0,-25,-279
24,30,-225,4,-17,-253
20,31,-219,1,-14,-239
27,25,-223,7,-14,-241
26,40,-273,6,-12,-287
28,28,-292,10,-20,-304
27,19,-335,5,-29,-337
26,13,-326,5,-39,-342
21,20,-310,2,-31,-335
15,20,-273,-8,-24,-296
23,25,-242,1,-21,-273
18,30,-223,5,-19,-252
24,27,-218,1,-16,-237
28,29,-250,7,-13,-245
26,33,-287,5,-14,-293
27,22,-315,10,-22,-308
24,12,-335,5,-33,-345
22,15,-323,4,-39,-339
15,19,-292,0,-34,-330
17,22,-258,-3,-24,-289
23,29,-229,3,-18,-269
18,31,-218,1,-17,-245
27,26,-223,4,-17,-237
26,37,-274,9,-14,-258
28,28,-293,2,-12,-297
27,21,-332,7,-26,-310
26,14,-328,4,-35,-345
19,20,-312,7,-37,-336
19,20,-276,4,-29,-322
20,23,-245,1,-24,-283
20,23,-221,3,-17,-261
22,34,-222,0,-16,-242
23,28,-242,6,-16,-239
28,28,-242,7,-16,-270
26,38,-306,5,-18,-301
28,25,-306,8,-27,-327
25,14,-335,4,-34,-348
25,18,-326,2,-36,-338
19,20,-296,-2,-29,-308
18,22,-264,3,-21,-283
25,27,-232,3,-16,-255
19,35,-221,-2,-10,-239
27,29,-218,6,-14,-241
29,34,-269,6,-13,-283
28,30,-290,6,-21,-301
28,23,-325,7,-31,-339
27,15,-329,6,-35,-343
22,21,-315,2,-31,-333
16,20,-280,-2,-25,-307
22,23,-249,1,-22,-273
24,33,-224,5,-17,-252
21,31,-219,0,-13,-239
30,26,-231,6,-15,-242
24,40,-276,4,-10,-291
30,24,-298,9,-23,-302
24,16,-336,5,-31,-341
25,15,-327,4,-41,-337
20,21,-302,-1,-30,-330
16,22,-264,-2,-25,-292
22,28,-234,2,-22,-263
17,33,-222,2,-16,-247
27,25,-219,2,-14,-235
25,34,-262,10,-15,-250
27,31,-290,7,-13,-295
27,22,-321,11,-25,-311
25,11,-331,9,-32,-352
21,18,-319,4,-39,-340
15,19,-286,0,-31,-325
18,22,-253,-3,-23,-287
24,28,-227,2,-20,-255
19,31,-219,0,-14,-240
27,26,-226,6,-14,-237
24,39,-274,8,-15,-265
28,27,-292,5,-17,-302
25,17,-336,7,-26,-325
26,14,-326,3,-35,-343
21,19,-308,1,-36,-342
16,20,-270,1,-27,-313
22,24,-240,-2,-19,-278
20,31,-223,6,-19,-239
25,33,-253,7,-16,-237
28,33,-290,7,-17,-279
26,36,-315,10,-21,-305
28,12,-338,8,-30,-342
23,16,-323,2,-32,-335
17,18,-293,-5,-24,-303
19,25,-258,1,-18,-278
26,31,-227,4,-18,-252
20,34,-219,-1,-16,-238
28,27,-222,10,-16,-242
27,39,-272,8,-14,-290
29,28,-291,6,-22,-305
28,21,-329,5,-31,-345
26,14,-327,6,-40,-341
21,20,-309,0,-31,-330
17,18,-275,-4,-25,-292
21,26,-243,2,-20,-268
23,31,-222,2,-16,-248
24,29,-216,1,-13,-232
27,30,-240,8,-17,-248
26,36,-282,5,-13,-294
30,24,-307,8,-27,-308
26,12,-337,5,-30,-352
24,15,-325,6,-43,-343
18,20,-297,3,-32,-324
17,23,-262,-4,-23,-284
25,26,-230,2,-19,-262
17,31,-218,0,-15,-244
27,26,-219,3,-16,-239
28,36,-268,7,-18,-262
27,30,-292,5,-20,-293
28,21,-328,5,-26,-323
24,12,-330,1,-32,-351
20,20,-315,3,-38,-340
15,19,-280,-1,-29,-319
19,23,-248,0,-23,-282
21,35,-224,4,-18,-258
21,29,-219,0,-15,-241
29,28,-230,6,-16,-244
25,39,-277,5,-13,-283
28,24,-299,8,-19,-305
25,15,-339,7,-28,-331
25,14,-327,5,-37,-346
19,20,-302,4,-35,-330
16,21,-264,-3,-30,-302
24,27,-235,3,-24,-273
18,32,-221,4,-18,-251
18,25,-220,1,-14,-236
28,34,-259,6,-15,-240
28,34,-288,5,-15,-288
29,24,-322,9,-24,-303
28,13,-331,6,-30,-346
27,13,-331,5,-37,-345
24,20,-285,-1,-27,-334
14,20,-285,-4,-24,-294
19,25,-255,0,-21,-270
26,30,-223,3,-18,-249
21,31,-218,1,-15,-237
29,26,-223,6,-16,-245
26,39,-274,3,-11,-296
30,27,-292,8,-22,-309
26,19,-332,5,-33,-348
27,14,-328,7,-41,-345
21,22,-309,2,-29,-331
16,22,-272,-3,-22,-289
24,26,-242,1,-18,-264
22,32,-219,3,-15,-242
26,29,-218,7,-14,-240
28,33,-251,7,-15,-260
26,34,-289,5,-16,-300
28,23,-312,9,-28,-318
25,12,-333,8,-35,-350
23,17,-322,4,-37,-338
17,19,-291,2,-30,-318
18,21,-258,-1,-22,-285
23,30,-226,4,-21,-260
19,32,-217,-4,-12,-242
28,25,-221,6,-16,-240
26,37,-273,8,-12,-279
28,29,-292,4,-17,-300
25,21,-332,6,-27,-336
26,13,-326,6,-36,-345
20,20,-312,2,-36,-337
14,19,-276,-3,-27,-311
23,24,-245,-1,-20,-276
20,30,-223,5,-17,-253
22,29,-218,0,-16,-236
29,28,-241,8,-14,-241
26,35,-286,5,-13,-285
27,25,-309,5,-20,-304
24,11,-338,7,-28,-342
23,14,-326,6,-38,-344
17,20,-299,0,-33,-330
17,22,-263,-3,-25,-299
24,29,-231,2,-22,-271
17,30,-220,5,-18,-249
27,27,-218,2,-14,-235
26,37,-269,9,-15,-246
26,29,-293,5,-14,-290
28,21,-327,11,-26,-303
27,12,-330,3,-32,-340
21,20,-280,-1,-31,-325
15,20,-246,-7,-22,-289
21,23,-225,2,-20,-244
21,29,-216,2,-13,-233
31,24,-229,7,-18,-251
25,41,-277,6,-14,-298
29,28,-300,8,-22,-316
24,18,-336,6,-33,-353
26,15,-325,3,-37,-344
19,22,-300,1,-28,-322
16,22,-265,-2,-21,-284
24,26,-236,3,-20,-264
19,34,-219,0,-15,-242
28,28,-217,4,-17,-238
29,36,-262,9,-14,-272
27,33,-290,8,-18,-297
28,20,-320,5,-26,-324
25,13,-331,5,-36,-348
21,19,-317,2,-37,-336
15,18,-285,0,-29,-305
19,22,-251,0,-23,-279
25,30,-226,3,-18,-256
19,31,-218,-2,-10,-241
27,26,-225,6,-16,-238
24,39,-274,7,-14,-288
28,27,-293,7,-20,-305
25,19,-331,6,-30,-339
26,14,-327,6,-36,-345
21,20,-305,2,-32,-334
15,20,-271,-3,-27,-302
23,26,-241,1,-20,-270
21,30,-223,5,-17,-251
25,25,-221,1,-13,-235
28,31,-253,6,-16,-242
25,33,-290,5,-12,-292
28,22,-317,8,-21,-301
24,11,-335,4,-28,-349
21,17,-321,7,-39,-344
15,20,-291,3,-34,-333
19,21,-257,-2,-25,-290
24,29,-229,5,-20,-263
19,31,-219,0,-14,-247
27,26,-224,2,-13,-238
26,38,-273,8,-18,-252
29,28,-291,3,-11,-296
25,20,-332,3,-23,-314
25,14,-327,5,-36,-350
26,21,-310,4,-40,-339
21,21,-274,0,-29,-319
16,20,-243,-1,-25,-285
22,32,-222,3,-16,-263
22,32,-222,0,-16,-243
24,27,-245,6,-15,-234
29,29,-245,7,-13,-271
26,37,-284,8,-17,-305
29,27,-309,4,-27,-323
26,13,-338,2,-36,-349
24,17,-325,3,-36,-336
18,23,-295,-2,-26,-317
17,22,-261,-1,-21,-285
26,29,-230,4,-18,-254
19,33,-218,-2,-14,-235
26,25,-219,6,-13,-237
26,39,-269,7,-15,-279
30,31,-290,8,-21,-302
28,21,-325,2,-25,-335
27,13,-328,7,-36,-343
21,20,-315,0,-29,-335
14,19,-278,-5,-24,-301
21,23,-247,0,-22,-272
23,31,-226,4,-16,-250
21,29,-216,-1,-15,-236
30,28,-232,6,-19,-245
27,38,-277,5,-14,-289
29,25,-301,8,-24,-303
24,16,-338,2,-32,-343
24,15,-327,7,-38,-345
19,21,-302,1,-30,-332
15,22,-267,-6,-24,-293
22,27,-234,1,-21,-268
19,31,-220,0,-13,-248
26,26,-219,3,-14,-236
28,33,-262,7,-19,-252
28,31,-290,3,-15,-294
27,21,-322,7,-24,-309
25,13,-331,3,-38,-343
21,17,-318,5,-38,-343
15,18,-285,1,-25,-328
19,22,-254,-3,-24,-283
23,30,-227,3,-19,-264
20,30,-220,3,-17,-247
27,25,-226,5,-14,-237
25,39,-276,8,-17,-264
28,28,-294,5,-15,-302
24,18,-335,9,-27,-319
24,15,-324,3,-36,-349
20,21,-306,5,-36,-339
15,22,-271,0,-30,-310
15,22,-241,-2,-25,-281
22,34,-221,3,-17,-259
20,34,-218,0,-14,-237
25,27,-250,8,-17,-240
29,33,-250,6,-14,-282
27,34,-287,6,-20,-299
27,23,-313,8,-27,-335
25,15,-334,4,-37,-344
23,19,-322,-1,-30,-344
17,21,-288,-3,-29,-307
19,25,-254,0,-22,-273
24,30,-227,2,-19,-256
20,33,-219,1,-14,-238
29,25,-220,6,-15,-240
26,39,-271,9,-12,-292
27,29,-290,8,-19,-306
26,20,-332,5,-30,-338
27,14,-326,7,-39,-343
21,21,-310,0,-30,-340
15,20,-274,-2,-27,-293
23,24,-244,-1,-18,-267
23,30,-221,1,-15,-253
25,27,-216,3,-16,-238
30,29,-240,6,-16,-246
25,36,-286,4,-14,-291
29,22,-310,8,-27,-304
24,13,-336,3,-32,-342
23,15,-326,6,-39,-342
18,19,-296,1,-31,-328
18,21,-260,-7,-22,-287
24,28,-231,2,-18,-264
18,31,-219,1,-15,-245
26,25,-219,2,-12,-234
27,35,-268,8,-16,-262
27,28,-291,10,-16,-300
26,22,-326,7,-25,-348
21,17,-315,3,-36,-338
16,17,-279,2,-29,-319
19,24,-247,0,-22,-281
24,32,-225,3,-19,-256
21,29,-220,-2,-14,-237
28,27,-231,5,-14,-238
23,37,-277,5,-16,-275
27,23,-301,8,-20,-302
24,14,-338,9,-28,-333
25,15,-325,5,-35,-345
19,21,-301,-1,-31,-340
17,21,-265,-2,-28,-310
17,27,-235,-1,-21,-272
18,29,-220,4,-18,-248
18,27,-220,0,-11,-242
25,35,-262,7,-14,-243
29,35,-262,7,-14,-288
27,32,-322,10,-22,-305
27,22,-322,4,-30,-338
27,11,-329,5,-37,-336
21,18,-314,1,-35,-332
17,21,-282,-4,-25,-300
20,24,-251,0,-23,-267
25,33,-225,4,-16,-252
20,32,-218,3,-14,-237
29,27,-228,7,-14,-244
24,42,-273,4,-14,-295
30,26,-294,9,-20,-308
27,18,-335,3,-30,-345
25,13,-326,6,-38,-343
23,21,-307,2,-32,-325
17,23,-268,-3,-23,-289
24,28,-236,3,-20,-264
20,32,-220,-2,-14,-244
25,27,-219,2,-14,-235
30,32,-255,11,-15,-256
27,32,-290,4,-14,-301
28,22,-316,7,-25,-321
26,10,-333,2,-30,-347
21,18,-321,2,-36,-345
16,19,-291,0,-29,-320
18,22,-256,-1,-22,-280
24,29,-227,4,-21,-259
18,31,-218,-4,-15,-240
27,26,-223,5,-17,-236
27,38,-271,8,-14,-276
28,28,-293,6,-21,-296
26,21,-332,3,-27,-328
26,14,-328,3,-35,-349
21,21,-309,1,-37,-334
14,20,-273,-3,-29,-306
21,25,-243,-2,-22,-276
21,32,-223,3,-17,-256
24,27,-218,2,-14,-234
27,29,-243,6,-13,-240
26,36,-286,8,-16,-286
27,24,-309,8,-22,-303
25,13,-338,4,-30,-337
23,16,-325,5,-37,-346
16,20,-295,3,-33,-333
18,22,-261,-3,-28,-296
24,27,-232,0,-20,-253
26,27,-220,0,-13,-239
26,27,-269,6,-15,-244
27,30,-292,5,-13,-288
27,30,-292,6,-20,-306
27,21,-328,4,-29,-346
27,14,-312,3,-41,-338
21,20,-312,0,-29,-329
16,21,-278,-4,-25,-292
23,25,-245,3,-21,-265
22,30,-223,1,-13,-246
22,29,-216,2,-15,-236
29,29,-231,9,-17,-255
25,40,-279,4,-13,-298
29,26,-303,6,-22,-318
25,16,-338,5,-33,-355
26,14,-325,3,-38,-340
19,21,-299,1,-30,-322
17,22,-264,-2,-24,-280
25,27,-233,4,-21,-260
19,31,-219,1,-12,-244
27,26,-219,3,-15,-237
27,36,-263,6,-12,-271
28,32,-290,7,-18,-299
28,22,-322,6,-25,-325
25,12,-330,5,-33,-347
20,17,-317,2,-37,-337
16,18,-284,-1,-29,-307
21,21,-252,-2,-25,-280
24,30,-225,3,-19,-255
19,31,-219,-1,-12,-239
28,27,-226,5,-14,-239
25,39,-273,5,-13,-282
30,26,-296,5,-20,-305
25,18,-334,4,-27,-339
25,14,-327,4,-39,-336
20,21,-306,-1,-32,-342
15,20,-268,-4,-23,-303
22,26,-240,-2,-21,-273
18,32,-222,2,-15,-252
24,26,-219,-1,-16,-237
28,31,-256,9,-16,-244
27,32,-291,6,-14,-283
27,22,-316,9,-24,-304
24,11,-335,5,-30,-346
21,17,-322,9,-38,-341
15,19,-290,-2,-27,-332
18,22,-255,-4,-25,-294
23,30,-227,2,-20,-270
19,30,-220,1,-16,-245
27,26,-222,1,-13,-236
26,38,-274,9,-17,-252
26,29,-292,6,-12,-296
27,20,-332,10,-24,-314
26,20,-326,4,-33,-349
25,21,-310,3,-41,-342
22,21,-310,-2,-28,-325
15,18,-242,-2,-22,-285
21,25,-242,3,-19,-262
21,35,-224,1,-14,-242
25,26,-218,8,-17,-239
30,30,-245,7,-16,-262
28,36,-285,8,-16,-301
29,25,-311,6,-26,-324
25,13,-340,4,-35,-346
25,18,-323,3,-36,-342
18,21,-298,-3,-29,-314
18,23,-258,-2,-22,-277
25,28,-228,3,-18,-255
19,33,-217,-2,-13,-240
27,26,-217,8,-14,-240
27,37,-271,5,-10,-284
29,29,-292,6,-20,-302
26,22,-328,9,-29,-336
27,14,-329,5,-35,-343
22,20,-309,1,-34,-334
16,20,-278,-3,-26,-302
20,25,-247,-1,-23,-275
22,31,-224,4,-16,-251
22,28,-218,1,-13,-236
29,28,-232,7,-14,-242
26,38,-279,5,-12,-285
29,26,-302,11,-24,-301
24,14,-338,3,-32,-345
18,18,-301,1,-27,-332
15,23,-265,-4,-23,-295
22,27,-233,0,-15,-268
17,32,-222,2,-17,-248
26,25,-217,2,-16,-234
27,34,-266,9,-14,-251
27,31,-290,4,-14,-294
26,22,-323,9,-23,-310
24,12,-331,6,-36,-350
22,19,-317,4,-38,-338
15,19,-285,1,-28,-331
18,22,-251,0,-22,-284
24,31,-227,3,-19,-263
18,30,-218,0,-14,-242
28,26,-228,4,-16,-241
25,39,-276,7,-14,-265
28,26,-295,4,-19,-299
25,17,-336,6,-25,-325
25,14,-326,4,-35,-343
26,22,-306,1,-34,-339
19,22,-271,-1,-29,-318
16,22,-238,1,-25,-280
24,26,-238,2,-17,-257
19,35,-224,-1,-13,-240
26,27,-219,7,-16,-239
29,32,-253,6,-17,-278
28,33,-290,7,-19,-304
29,23,-318,9,-27,-335
29,13,-332,3,-36,-345
22,19,-318,1,-36,-335
17,19,-289,-3,-27,-300
19,23,-254,0,-22,-275
25,32,-228,4,-17,-254
20,30,-219,-1,-14,-236
29,25,-221,8,-13,-242
28,37,-272,5,-13,-287
29,28,-292,7,-25,-303
26,20,-332,5,-28,-342
28,15,-326,2,-37,-342
20,23,-307,3,-33,-335
15,21,-273,-3,-26,-297
22,25,-242,0,-23,-271
21,33,-223,4,-15,-250
25,28,-217,1,-14,-233
27,29,-244,7,-12,-246
27,33,-285,6,-12,-294
28,22,-310,8,-26,-306
25,13,-336,4,-32,-347
21,16,-324,7,-39,-345
17,18,-294,1,-30,-327
17,21,-258,-3,-26,-286
24,28,-230,2,-20,-265
17,32,-220,0,-17,-245
27,26,-220,5,-14,-234
26,37,-270,8,-14,-258
27,29,-289,9,-14,-295
26,21,-329,6,-27,-317
26,13,-328,1,-34,-350
20,19,-313,4,-37,-339
15,18,-279,2,-30,-315
20,24,-247,-3,-22,-280
21,34,-223,3,-18,-256
20,28,-218,0,-14,-240
28,28,-236,8,-16,-234
24,38,-282,8,-17,-276
28,24,-304,4,-18,-302
25,13,-339,9,-28,-328
25,16,-326,4,-36,-344
27,20,-302,1,-34,-336
20,22,-263,-2,-28,-311
16,22,-234,1,-23,-273
24,32,-221,5,-17,-256
17,32,-221,-1,-12,-236
27,26,-264,7,-15,-242
28,37,-264,5,-12,-291
29,31,-291,10,-22,-307
27,22,-324,5,-28,-338
26,15,-329,8,-37,-338
23,19,-316,2,-32,-333
16,19,-284,-4,-26,-300
21,24,-251,2,-21,-273
23,32,-227,2,-15,-255
22,30,-219,-1,-14,-234
30,26,-227,5,-13,-245
25,40,-274,3,-11,-292
29,27,-296,8,-24,-303
26,18,-338,2,-29,-351
27,16,-327,8,-41,-343
22,22,-305,2,-31,-331
17,22,-269,-4,-26,-291
23,26,-237,2,-21,-262
19,31,-220,4,-15,-242
26,26,-218,3,-13,-236
28,34,-254,9,-18,-253
28,32,-288,6,-14,-294
27,20,-318,6,-25,-317
24,11,-334,3,-33,-346
21,17,-319,2,-36,-344
15,19,-288,-1,-28,-320
17,22,-255,0,-23,-281
24,29,-226,4,-20,-257
19,30,-219,0,-15,-236
27,25,-223,4,-13,-235
26,38,-273,9,-16,-277
27,28,-293,6,-17,-305
24,19,-333,7,-26,-325
27,14,-326,4,-35,-339
21,21,-308,2,-34,-344
15,19,-273,0,-27,-306
23,24,-244,0,-24,-277
21,31,-221,5,-17,-253
24,28,-217,-3,-12,-237
27,30,-247,7,-13,-242
25,34,-288,6,-16,-286
28,23,-313,4,-20,-305
25,11,-337,5,-29,-334
25,15,-323,6,-36,-344
17,20,-294,1,-33,-335
15,21,-259,-2,-23,-306
15,30,-229,-1,-19,-279
25,30,-217,2,-16,-245
17,33,-220,0,-15,-236
27,26,-220,8,-14,-241
26,38,-270,5,-13,-286
27,29,-291,7,-23,-302
26,22,-328,8,-33,-349
27,13,-326,7,-42,-342
20,22,-312,2,-32,-324
15,21,-280,-2,-25,-291
22,26,-250,2,-20,-268
22,35,-224,0,-12,-249
23,28,-219,2,-18,-238
28,30,-233,7,-18,-254
26,39,-278,4,-14,-298
29,24,-305,8,-28,-312
25,15,-338,3,-32,-352
25,15,-325,6,-37,-338
20,21,-299,-1,-29,-325
17,23,-264,-5,-19,-287
25,27,-234,3,-19,-264
21,35,-221,-2,-15,-237
27,26,-218,5,-16,-232
28,35,-263,7,-17,-267
29,30,-290,6,-19,-300
26,22,-324,8,-27,-325
26,11,-329,3,-38,-346
21,18,-317,2,-37,-337
16,18,-283,-3,-31,-310
19,22,-251,0,-27,-281
23,29,-225,3,-20,-255
19,28,-218,-2,-14,-238
27,26,-227,5,-13,-239
24,39,-274,6,-13,-281
27,28,-297,8,-20,-303
24,16,-336,7,-29,-335
25,14,-327,5,-38,-341
20,20,-305,1,-33,-331
14,22,-268,-2,-27,-300
23,25,-238,-1,-21,-272
18,33,-220,4,-15,-253
25,26,-220,0,-14,-238
26,34,-256,8,-18,-243
27,32,-289,8,-13,-290
28,22,-318,5,-21,-305
24,11,-332,4,-30,-346
22,17,-321,5,-37,-342
15,19,-288,2,-31,-326
18,23,-255,-7,-21,-292
24,29,-227,2,-23,-267
24,31,-220,0,-17,-250
18,25,-224,2,-11,-239
28,25,-224,7,-13,-252
25,40,-294,6,-14,-296
28,28,-333,9,-22,-313
26,19,-333,3,-33,-345
29,15,-325,4,-36,-338
20,21,-309,0,-27,-324
13,24,-273,-5,-20,-288
23,26,-244,2,-15,-264
21,30,-220,-1,-13,-247
24,30,-220,2,-15,-240
28,32,-250,7,-16,-265
28,36,-287,4,-16,-296
30,25,-311,6,-24,-319
26,14,-334,2,-33,-350
24,16,-326,2,-37,-337
17,21,-293,-1,-27,-312
18,24,-259,-2,-22,-276
24,29,-229,3,-16,-261
19,33,-217,-2,-17,-238
28,27,-220,6,-13,-243
27,37,-272,6,-15,-284
26,28,-290,6,-20,-307
27,21,-328,7,-30,-331
27,13,-327,7,-37,-343
20,21,-313,2,-34,-335
14,20,-277,-5,-25,-306
20,23,-245,-1,-22,-272
23,33,-223,4,-18,-252
22,27,-218,-2,-13,-235
28,27,-235,9,-16,-241
25,37,-280,8,-14,-288
28,25,-305,6,-24,-303
25,14,-337,4,-29,-343
24,14,-327,7,-38,-346
18,19,-301,1,-32,-330
16,21,-262,-3,-24,-293
23,27,-233,0,-22,-266
16,32,-220,1,-16,-251
27,26,-218,2,-12,-234
26,35,-266,7,-15,-245
26,30,-291,3,-12,-289
28,21,-324,8,-21,-313
25,13,-329,2,-30,-342
22,19,-317,5,-38,-345
16,18,-283,-1,-26,-330
19,22,-249,-2,-23,-287
23,31,-226,3,-18,-262
20,29,-219,0,-14,-242
20,27,-228,2,-11,-239
28,38,-276,5,-13,-261
24,26,-297,5,-13,-302
29,26,-336,11,-27,-318
26,15,-325,6,-36,-349
27,15,-325,2,-38,-337
20,21,-265,1,-29,-315
16,23,-265,-2,-24,-282
23,28,-235,5,-20,-257
20,34,-222,1,-14,-238
27,27,-217,6,-15,-239
28,33,-255,7,-15,-278
28,34,-289,8,-22,-306
29,22,-316,6,-26,-337
26,12,-330,5,-36,-343
21,17,-321,3,-36,-334
16,20,-287,-4,-27,-305
19,24,-255,-2,-25,-275
24,29,-226,4,-21,-252
19,31,-218,-3,-13,-239
29,25,-223,6,-16,-236
26,38,-273,7,-12,-286
27,28,-292,6,-21,-304
24,21,-333,8,-30,-340
27,13,-326,4,-36,-338
21,21,-307,4,-32,-332
15,22,-273,-3,-24,-294
23,26,-241,2,-20,-270
20,33,-221,2,-16,-250
23,28,-220,1,-14,-234
28,29,-247,10,-15,-250
26,34,-286,5,-14,-293
28,24,-313,8,-24,-303
24,12,-338,6,-32,-347
24,15,-323,4,-36,-346
15,19,-293,3,-29,-328
16,22,-260,-4,-23,-285
23,28,-229,1,-18,-265
16,31,-217,0,-12,-249
28,26,-220,5,-15,-239
27,38,-271,8,-16,-259
27,28,-291,7,-15,-300
26,21,-328,6,-25,-317
26,13,-328,4,-35,-350
20,21,-313,2,-37,-339
15,18,-279,-2,-29,-316
20,24,-247,-2,-23,-285
22,33,-223,4,-19,-260
21,29,-219,-1,-16,-240
29,27,-238,4,-14,-240
29,37,-282,8,-15,-275
28,24,-304,5,-21,-304
28,24,-338,7,-28,-326
27,13,-324,9,-38,-347
23,16,-324,0,-37,-338
19,22,-300,-5,-28,-312
16,24,-233,-1,-22,-274
24,32,-233,3,-18,-254
17,34,-220,-2,-14,-236
28,29,-220,9,-14,-241
28,35,-266,7,-16,-281
28,31,-293,8,-23,-302
28,23,-325,7,-30,-336
26,14,-327,7,-37,-343
22,20,-315,1,-33,-332
18,18,-281,1,-25,-299
21,24,-250,5,-23,-268
24,34,-226,4,-16,-252
21,30,-218,1,-18,-238
28,28,-228,7,-15,-247
26,40,-275,7,-16,-292
30,27,-298,7,-26,-306
25,18,-336,4,-31,-350
27,13,-326,7,-38,-337
21,22,-303,1,-32,-324
16,21,-266,-4,-22,-288
23,26,-236,3,-23,-262
18,33,-222,4,-17,-242
26,26,-218,4,-16,-236
28,34,-259,8,-17,-252
26,33,-290,5,-14,-296
28,22,-319,9,-23,-317
26,10,-333,2,-31,-346
21,18,-320,3,-36,-344
15,19,-287,-1,-29,-317
17,23,-254,-2,-23,-282
24,30,-227,2,-18,-260
18,31,-218,0,-15,-240
28,26,-223,5,-15,-240
26,37,-274,7,-15,-271
28,28,-294,6,-20,-300
24,19,-334,9,-26,-322
26,14,-326,4,-34,-350
20,20,-308,3,-37,-338
15,19,-272,-3,-31,-312
22,26,-243,-1,-22,-275
20,33,-221,4,-18,-258
24,26,-220,0,-14,-242
29,31,-248,8,-13,-243
27,35,-288,6,-17,-284
27,23,-313,8,-20,-296
27,14,-336,7,-32,-333
25,17,-322,7,-38,-341
24,19,-293,2,-32,-335
18,19,-256,-5,-26,-302
20,21,-228,1,-23,-272
24,29,-228,4,-17,-254
19,32,-220,0,-12,-233
28,27,-219,6,-17,-244
27,39,-272,9,-14,-293
28,29,-290,9,-23,-305
27,22,-327,7,-30,-346
27,15,-327,5,-39,-335
21,23,-309,2,-27,-335
17,21,-277,0,-23,-292
22,26,-245,4,-20,-274
23,31,-222,1,-13,-246
22,30,-217,2,-17,-233
28,29,-237,7,-19,-250
26,38,-280,5,-15,-290
30,25,-306,7,-25,-313
25,15,-336,7,-34,-346
25,16,-324,5,-41,-341
20,20,-298,-1,-27,-326
18,21,-263,-3,-24,-285
24,29,-232,4,-19,-266
17,31,-218,1,-13,-246
28,25,-219,9,-17,-240
28,36,-266,7,-15,-270
26,30,-291,7,-16,-294
27,22,-325,7,-29,-316
24,11,-329,3,-35,-343
21,19,-317,3,-37,-341
16,18,-281,-3,-27,-313
20,22,-250,-2,-22,-280
22,31,-225,3,-17,-255
20,29,-218,-1,-15,-238
28,25,-228,7,-16,-238
25,38,-275,6,-11,-281
29,27,-298,8,-22,-304
25,17,-337,8,-30,-331
26,14,-326,4,-36,-345
19,21,-305,1,-34,-334
15,21,-269,-4,-27,-299
23,26,-236,0,-23,-273
18,30,-222,5,-18,-252
26,27,-218,0,-12,-234
28,33,-257,5,-14,-242
26,32,-292,7,-15,-291
27,23,-321,5,-20,-302
25,11,-333,3,-31,-342
25,19,-320,5,-39,-340
23,21,-288,2,-33,-333
15,21,-252,-2,-25,-293
19,31,-225,0,-19,-267
24,31,-225,4,-16,-249
21,32,-216,2,-15,-238
29,28,-272,9,-14,-250
26,39,-272,4,-13,-295
29,28,-294,9,-23,-311
25,21,-334,6,-32,-351
26,15,-326,6,-41,-343
22,22,-309,3,-28,-324
17,19,-270,-4,-23,-284
24,27,-239,3,-17,-266
22,31,-221,-1,-14,-247
25,27,-219,4,-13,-240
28,31,-248,9,-14,-267
26,35,-286,5,-14,-301
26,27,-310,9,-26,-318
26,11,-334,4,-32,-346
22,18,-323,3,-37,-339
17,22,-291,-1,-28,-314
19,20,-260,-2,-24,-281
26,29,-227,5,-19,-262
19,31,-219,-1,-17,-239
28,26,-221,6,-15,-235
27,37,-271,5,-14,-279
27,29,-290,5,-18,-303
27,22,-330,5,-29,-326
26,13,-327,6,-38,-343
22,21,-314,-1,-33,-337
15,20,-278,-3,-28,-305
23,25,-245,0,-23,-274
21,30,-223,5,-20,-256
21,29,-218,1,-15,-238
28,28,-239,8,-13,-242
26,35,-282,4,-10,-290
28,25,-306,9,-22,-300
25,14,-338,6,-30,-346
25,15,-326,3,-36,-341
18,20,-300,0,-29,-334
17,21,-263,-3,-27,-296
23,28,-234,2,-21,-270
17,31,-218,4,-18,-249
26,25,-219,1,-14,-234
27,34,-267,6,-14,-247
28,29,-292,6,-15,-288
26,23,-327,9,-24,-301
26,13,-329,3,-34,-350
21,20,-317,5,-38,-341
16,19,-284,2,-30,-326
16,23,-251,-4,-24,-288
22,31,-225,4,-19,-263
22,31,-217,0,-21,-243
21,31,-229,1,-14,-239
29,27,-229,7,-17,-257
24,39,-274,4,-14,-298
29,27,-295,10,-25,-318
26,17,-334,5,-34,-351
26,16,-327,3,-40,-344
23,23,-303,-5,-28,-320
16,23,-268,-4,-21,-279
23,28,-238,3,-20,-262
20,32,-221,0,-13,-239
27,26,-216,6,-16,-234
31,34,-258,6,-15,-274
26,35,-289,8,-20,-300
28,22,-320,9,-29,-327
26,11,-332,3,-38,-347
21,19,-320,2,-37,-344
16,20,-286,-5,-27,-311
19,22,-253,-2,-22,-276
23,32,-224,0,-15,-255
20,31,-218,-2,-13,-234
29,25,-224,6,-16,-238
24,38,-276,6,-15,-287
28,28,-294,8,-21,-304
27,19,-333,5,-28,-345
26,15,-328,4,-38,-340
22,21,-308,1,-30,-334
15,22,-272,-4,-25,-302
22,25,-241,1,-22,-272
20,31,-223,4,-17,-255
24,26,-217,-1,-14,-240
28,30,-250,7,-14,-247
27,34,-287,6,-13,-294
27,23,-314,10,-21,-308
23,11,-335,4,-31,-344
21,16,-322,7,-38,-344
15,19,-293,2,-33,-328
17,22,-258,-6,-21,-298
25,28,-229,1,-19,-266
18,31,-219,2,-17,-246
27,25,-221,2,-11,-237
27,36,-272,8,-12,-258
28,28,-292,6,-15,-292
26,21,-332,9,-25,-312
26,15,-327,5,-33,-348
21,21,-313,5,-38,-341
14,20,-278,-3,-27,-325
22,25,-246,-3,-25,-283
20,32,-223,2,-18,-241
23,28,-238,5,-14,-237
28,28,-238,8,-16,-266
25,37,-303,6,-16,-303
29,25,-339,9,-27,-324
25,14,-339,6,-36,-345
23,17,-326,2,-36,-335
20,21,-298,-2,-27,-311
18,24,-262,1,-20,-278
26,26,-230,4,-19,-252
18,32,-219,-1,-14,-234
26,26,-219,6,-15,-240
29,37,-267,5,-13,-286
27,34,-289,7,-21,-299
27,24,-326,5,-31,-342
25,15,-330,3,-36,-348
21,22,-315,3,-34,-333
16,20,-282,-4,-25,-298
21,23,-250,1,-21,-273
22,32,-225,2,-17,-254
20,32,-219,0,-16,-235
28,27,-229,4,-11,-245
24,39,-275,5,-13,-286
29,28,-296,7,-23,-306
26,16,-336,6,-32,-346
26,14,-326,6,-42,-341
21,22,-301,2,-30,-332
16,20,-266,-3,-23,-291
23,28,-236,3,-19,-271
19,31,-221,3,-14,-246
24,27,-219,1,-14,-234
28,33,-259,7,-17,-252
26,31,-290,3,-13,-295
28,23,-321,10,-24,-306
24,12,-333,4,-33,-348
22,17,-318,4,-40,-339
17,18,-287,0,-30,-320
18,23,-255,-4,-21,-286
23,32,-226,5,-18,-260
19,31,-219,1,-15,-237
28,25,-225,6,-15,-238
25,38,-273,6,-12,-267
28,26,-292,5,-16,-299
27,18,-333,7,-26,-328
27,13,-326,3,-32,-352
20,21,-309,1,-37,-338
15,19,-271,-2,-27,-313
22,25,-241,-1,-21,-280
20,33,-223,2,-18,-258
20,27,-219,-2,-13,-237
28,31,-250,5,-14,-241
28,31,-286,5,-15,-281
27,22,-313,5,-21,-303
28,22,-313,6,-28,-338
25,12,-323,6,-39,-344
24,15,-323,0,-31,-337
17,19,-293,-2,-28,-300
19,22,-260,1,-22,-252
17,31,-219,2,-16,-231
29,27,-221,8,-16,-240
27,38,-272,7,-14,-289
28,29,-289,9,-22,-300
27,22,-328,4,-29,-347
27,15,-327,7,-38,-335
20,21,-312,-1,-30,-327
16,22,-273,-3,-25,-299
22,25,-244,2,-19,-269
23,31,-224,2,-16,-254
23,28,-217,3,-15,-241
29,31,-238,6,-17,-246
26,37,-282,5,-11,-293
28,23,-307,9,-22,-314
25,12,-338,4,-35,-346
25,14,-327,4,-38,-340
19,21,-298,0,-33,-331
17,23,-261,-7,-22,-292
24,28,-232,3,-20,-259
18,32,-219,0,-17,-246
26,27,-221,4,-14,-240
26,34,-267,8,-17,-262
26,28,-291,5,-16,-300
25,21,-325,5,-27,-320
26,14,-329,4,-36,-351
21,19,-316,1,-36,-339
15,19,-280,0,-27,-321
19,21,-250,-1,-22,-280
22,31,-225,5,-17,-259
19,28,-218,0,-16,-238
27,26,-230,6,-14,-240
25,40,-278,6,-16,-280
29,26,-299,6,-23,-300
24,16,-336,8,-29,-330
26,14,-327,6,-37,-342
19,22,-304,5,-35,-334
16,22,-266,-3,-27,-303
23,26,-235,2,-22,-275
18,31,-222,2,-16,-254
25,26,-220,-1,-11,-242
25,35,-259,8,-15,-244
27,32,-292,3,-12,-291
27,32,-320,5,-23,-301
29,12,-332,7,-27,-346
26,12,-332,5,-38,-346
21,19,-288,2,-33,-334
17,20,-254,-4,-23,-304
20,22,-254,-1,-20,-271
25,31,-224,2,-14,-235
28,24,-222,8,-18,-246
25,40,-273,3,-13,-288
28,29,-292,8,-25,-309
24,20,-334,3,-31,-348
26,14,-325,6,-38,-339
22,23,-310,-1,-28,-330
15,22,-270,-5,-24,-288
24,26,-241,2,-22,-265
22,32,-221,1,-15,-244
25,28,-217,3,-17,-236
28,31,-248,8,-13,-260
26,34,-287,8,-14,-301
27,23,-315,8,-21,-320
25,13,-335,3,-34,-347
23,17,-322,2,-39,-343
16,18,-292,0,-32,-315
16,22,-260,-5,-23,-280
24,29,-229,3,-18,-258
17,32,-218,0,-12,-244
27,26,-221,4,-16,-237
26,36,-272,8,-14,-274
26,29,-292,8,-19,-303
26,21,-331,7,-28,-330
26,13,-327,4,-33,-342
21,20,-312,2,-36,-336
15,19,-278,-5,-24,-310
20,25,-244,0,-23,-276
21,32,-224,4,-16,-254
22,28,-219,1,-15,-235
28,28,-240,6,-15,-239
24,36,-283,6,-14,-287
28,23,-308,9,-21,-305
24,13,-339,5,-29,-336
23,14,-324,5,-36,-343
18,20,-299,2,-32,-333
17,22,-262,-2,-28,-295
25,28,-232,3,-21,-273
17,32,-219,3,-16,-254
27,27,-220,1,-16,-241
27,35,-269,8,-14,-247
27,30,-291,5,-11,-288
27,23,-327,5,-22,-300
26,13,-330,8,-33,-346
26,13,-317,4,-36,-341
21,20,-281,-1,-27,-328
14,20,-248,-4,-26,-289
20,24,-225,1,-18,-270
24,30,-225,3,-16,-243
22,30,-218,2,-15,-231
27,30,-233,7,-17,-254
25,41,-276,7,-14,-299
28,26,-298,7,-24,-317
24,17,-336,2,-33,-345
28,15,-323,5,-37,-338
21,22,-302,3,-29,-323
16,22,-268,0,-25,-288
24,26,-235,3,-18,-261
19,32,-222,-1,-15,-244
27,26,-216,6,-15,-271
27,32,-290,7,-18,-301
28,23,-321,6,-28,-333
26,14,-329,1,-34,-347
21,18,-317,3,-36,-331
15,20,-285,0,-28,-312
17,23,-254,-3,-22,-282
25,30,-226,5,-17,-254
19,32,-217,-3,-10,-238
27,25,-224,7,-17,-238
25,40,-274,6,-14,-288
29,27,-293,4,-19,-300
24,18,-337,5,-31,-340
25,14,-326,5,-35,-345
19,21,-308,1,-33,-335
15,21,-271,-4,-23,-303
24,23,-240,2,-21,-272
21,31,-221,2,-19,-247
24,27,-218,0,-13,-236
27,31,-251,8,-16,-245
26,34,-287,6,-14,-288
26,24,-315,10,-23,-306
25,10,-335,5,-30,-340
14,18,-293,1,-30,-331
17,22,-257,-1,-25,-291
23,28,-228,1,-20,-268
18,31,-219,3,-16,-249
29,25,-222,5,-16,-236
27,37,-273,7,-13,-253
28,28,-291,6,-14,-300
26,21,-332,9,-25,-316
26,16,-326,4,-34,-346
21,22,-312,4,-37,-337
21,22,-277,3,-32,-327
16,24,-244,-1,-27,-282
22,24,-223,4,-19,-257
22,35,-219,-3,-13,-240
23,28,-219,4,-16,-236
30,29,-241,7,-17,-268
27,37,-282,5,-17,-299
30,27,-306,6,-26,-327
26,13,-337,5,-35,-348
23,15,-325,1,-37,-339
19,21,-295,-1,-28,-312
17,24,-261,0,-22,-280
24,30,-231,3,-17,-252
17,33,-219,-2,-12,-243
27,27,-220,5,-15,-240
28,36,-266,6,-16,-284
28,29,-289,5,-22,-299
27,22,-326,6,-28,-337
26,14,-329,5,-36,-339
22,20,-315,2,-34,-330
15,21,-279,-4,-26,-303
20,22,-248,1,-22,-267
23,31,-223,3,-17,-248
21,29,-218,-1,-10,-239
28,27,-230,7,-16,-242
25,39,-277,5,-14,-292
28,27,-298,7,-23,-304
24,15,-337,5,-31,-342
26,13,-328,6,-37,-339
20,22,-301,-1,-28,-331
17,22,-265,-5,-23,-269
19,31,-222,2,-15,-246
25,26,-220,0,-16,-238
27,34,-262,7,-18,-250
27,31,-290,7,-14,-295
28,23,-323,8,-25,-310
25,12,-333,5,-32,-348
23,15,-319,5,-39,-340
15,17,-286,1,-31,-322
19,22,-254,-3,-26,-285
24,28,-226,1,-22,-259
20,31,-219,1,-16,-245
28,26,-226,5,-17,-234
26,39,-275,7,-15,-265
28,29,-294,7,-18,-297
26,19,-335,8,-28,-322
26,14,-326,5,-34,-345
21,21,-307,2,-37,-341
21,20,-270,-1,-31,-313
23,24,-239,-1,-22,-278
23,30,-222,3,-21,-259
21,27,-220,-3,-13,-245
25,27,-250,6,-13,-243
30,31,-250,6,-17,-279
28,37,-288,6,-19,-298
27,24,-312,6,-26,-331
27,12,-333,5,-38,-343
23,18,-320,1,-31,-341
17,21,-291,-5,-27,-309
19,23,-255,-1,-22,-273
25,29,-227,6,-21,-252
19,34,-219,0,-12,-234
28,28,-219,7,-13,-241
25,40,-272,4,-9,-286
29,30,-293,9,-22,-303
26,22,-330,8,-30,-343
27,14,-328,4,-39,-342
21,21,-312,0,-32,-334
16,19,-275,-3,-26,-297
21,24,-242,0,-18,-267
22,33,-224,5,-19,-248
23,28,-215,4,-15,-241
28,29,-240,9,-16,-244
26,36,-285,4,-11,-294
29,24,-308,11,-23,-305
25,12,-334,5,-33,-349
23,14,-324,4,-38,-345
17,20,-296,1,-27,-325
16,20,-260,-4,-23,-295
24,28,-231,4,-20,-266
18,31,-220,2,-17,-244
27,25,-219,7,-15,-237
27,35,-267,6,-14,-260
26,29,-290,4,-14,-300
25,22,-327,6,-25,-316
26,14,-328,4,-36,-348
20,21,-316,4,-36,-341
15,18,-281,-1,-28,-320
21,23,-250,-2,-23,-283
22,31,-225,3,-16,-259
21,28,-217,-3,-14,-244
28,25,-231,6,-14,-241
25,38,-277,4,-15,-277
28,26,-300,8,-18,-306
24,17,-336,8,-29,-331
25,14,-326,5,-38,-343
19,21,-303,-1,-33,-337
15,22,-266,-2,-29,-309
15,26,-235,0,-23,-274
18,33,-221,5,-20,-251
18,33,-218,0,-12,-238
27,26,-261,8,-14,-243
28,31,-293,6,-13,-284
28,31,-293,5,-20,-300
28,23,-329,4,-30,-343
27,12,-329,4,-37,-349
22,19,-318,2,-34,-325
15,19,-284,-3,-24,-299
21,23,-251,-1,-20,-273
24,34,-226,0,-16,-252
21,31,-218,2,-14,-237
28,27,-227,8,-14,-243
25,42,-272,5,-13,-292
29,29,-296,8,-24,-299
27,20,-337,2,-30,-348
26,15,-324,4,-38,-339
22,22,-304,2,-31,-328
17,20,-270,-4,-23,-289
23,26,-238,1,-18,-267
21,32,-222,2,-15,-242
25,28,-218,5,-20,-236
30,33,-253,7,-14,-256
27,34,-288,2,-12,-297
28,23,-316,6,-25,-315
24,11,-334,4,-34,-348
23,17,-320,6,-37,-345
16,18,-289,-1,-29,-319
17,22,-257,-3,-23,-283
24,28,-229,2,-15,-262
18,32,-219,1,-15,-235
28,25,-223,5,-14,-234
27,38,-272,11,-16,-279
27,28,-292,4,-16,-302
25,20,-332,6,-30,-326
25,13,-328,3,-35,-344
20,19,-311,2,-37,-338
15,21,-275,-5,-29,-308
22,24,-243,-2,-20,-275
22,28,-224,4,-15,-254
23,27,-219,1,-13,-244
27,29,-243,8,-14,-237
25,35,-284,6,-16,-278
28,22,-310,5,-19,-301
24,12,-338,6,-29,-340
23,15,-325,1,-36,-344
18,19,-297,1,-33,-332
17,21,-263,-4,-26,-300
24,27,-233,0,-20,-273
17,31,-219,3,-17,-252
17,27,-219,1,-15,-237
27,36,-269,4,-15,-237
27,36,-290,5,-12,-292
28,29,-327,7,-21,-305
26,13,-329,5,-30,-350
25,13,-329,7,-39,-347
22,21,-315,2,-32,-329
15,20,-280,-4,-24,-295
21,24,-252,3,-20,-264
24,33,-224,3,-16,-246
20,31,-220,3,-13,-236
29,30,-233,5,-13,-257
27,39,-277,3,-11,-299
28,28,-302,8,-28,-311
25,18,-339,3,-36,-343
26,15,-326,5,-37,-341
22,20,-303,0,-30,-322
17,22,-265,-2,-23,-286
25,26,-235,5,-20,-262
19,34,-220,-1,-15,-238
27,28,-219,4,-15,-232
29,34,-263,7,-14,-278
27,31,-290,7,-19,-300
28,22,-322,7,-28,-327
26,13,-331,4,-36,-351
21,18,-319,1,-36,-338
15,18,-287,-1,-27,-307
18,22,-253,-1,-23,-282
24,31,-226,3,-21,-250
19,29,-218,-1,-14,-239
27,25,-226,7,-17,-236
25,39,-274,7,-14,-282
29,27,-296,6,-22,-303
25,18,-335,9,-27,-339
26,13,-329,9,-38,-338
19,22,-306,1,-33,-336
14,21,-269,-7,-25,-307
22,25,-239,0,-24,-274
19,32,-221,3,-15,-249
25,26,-218,-1,-16,-232
28,32,-253,10,-16,-241
27,32,-289,3,-10,-290
27,23,-315,5,-23,-304
24,11,-335,4,-33,-340
22,19,-322,4,-40,-339
15,18,-291,0,-31,-331
18,23,-258,-4,-23,-291
23,28,-227,0,-18,-272
18,31,-220,3,-15,-249
26,25,-222,2,-11,-238
26,38,-273,7,-14,-250
26,27,-292,5,-14,-293
26,21,-331,8,-27,-306
26,21,-327,4,-33,-349
26,15,-307,4,-37,-344
20,22,-307,0,-30,-322
14,25,-276,-5,-24,-285
23,26,-244,2,-18,-259
23,32,-223,2,-15,-242
25,30,-215,4,-15,-234
27,32,-241,6,-14,-266
27,37,-281,9,-19,-298
30,26,-308,6,-25,-327
26,14,-335,4,-37,-343
24,17,-323,6,-36,-344
19,22,-295,0,-26,-318
17,22,-263,-1,-24,-276
25,28,-230,4,-20,-254
18,32,-220,0,-15,-238
28,26,-218,5,-15,-240
28,38,-267,7,-14,-285
28,30,-291,5,-20,-305
27,23,-328,7,-29,-335
28,14,-328,3,-37,-344
22,21,-312,3,-35,-335
16,19,-279,-3,-28,-302
22,22,-248,-1,-22,-272
23,32,-224,4,-18,-249
21,29,-219,1,-14,-240
28,25,-231,7,-14,-242
26,36,-278,5,-16,-289
28,25,-301,7,-26,-301
24,14,-335,5,-30,-345
24,13,-326,3,-35,-342
19,22,-302,3,-32,-334
15,22,-264,-3,-25,-297
22,27,-235,0,-20,-268
19,31,-221,2,-14,-247
26,26,-217,3,-17,-238
28,34,-264,10,-15,-249
26,31,-293,5,-11,-293
27,22,-324,7,-28,-309
26,11,-332,2,-32,-344
21,19,-317,5,-40,-343
15,19,-285,-3,-30,-325
19,23,-253,-5,-22,-283
24,30,-226,2,-20,-262
20,29,-218,0,-13,-250
28,26,-227,4,-15,-234
26,37,-273,9,-16,-262
30,27,-295,9,-19,-300
30,18,-336,7,-26,-322
26,14,-326,4,-35,-346
26,21,-304,1,-35,-335
20,21,-268,0,-31,-316
17,22,-240,-2,-23,-283
22,26,-240,5,-20,-261
21,32,-219,-1,-19,-236
24,28,-217,7,-16,-239
30,32,-251,8,-15,-277
27,34,-289,6,-18,-302
29,22,-316,6,-27,-334
27,13,-336,6,-38,-339
24,19,-321,0,-31,-339
16,22,-290,-2,-29,-305
19,23,-254,0,-22,-275
24,32,-226,4,-16,-253
18,34,-215,1,-16,-236
27,27,-221,5,-14,-241
25,38,-271,5,-13,-289
31,30,-291,5,-20,-306
28,21,-331,5,-32,-342
28,14,-327,4,-39,-340
21,23,-312,1,-33,-333
15,20,-276,-2,-26,-298
23,25,-244,1,-21,-269
23,31,-225,1,-15,-256
24,27,-216,2,-16,-233
27,29,-242,9,-16,-247
25,36,-285,4,-12,-292
27,23,-310,8,-23,-309
25,13,-338,3,-31,-348
22,16,-324,5,-39,-336
17,21,-296,1,-29,-325
17,21,-260,-2,-24,-290
23,28,-230,2,-19,-261
17,31,-217,4,-16,-241
27,25,-220,4,-13,-233
27,36,-270,10,-14,-258
26,29,-291,8,-16,-297
27,21,-328,7,-27,-316
25,13,-328,5,-32,-356
21,19,-314,4,-38,-341
14,19,-280,1,-28,-321
20,24,-246,-2,-21,-282
23,30,-225,2,-20,-259
21,28,-218,-1,-13,-242
28,28,-231,6,-13,-239
25,38,-280,7,-15,-280
28,26,-303,8,-21,-302
26,15,-339,6,-28,-330
26,16,-328,6,-38,-341
18,22,-301,5,-35,-339
18,22,-264,-2,-26,-313
16,28,-234,-1,-23,-275
24,28,-219,4,-17,-257
19,33,-220,-1,-14,-239
26,28,-220,6,-14,-242
29,35,-263,4,-15,-288
27,33,-293,6,-20,-303
29,23,-324,6,-30,-338
27,13,-331,4,-39,-342
23,20,-317,2,-34,-335
17,21,-285,-5,-25,-301
21,23,-252,0,-20,-273
24,34,-225,3,-16,-249
20,32,-213,2,-16,-236
30,28,-226,8,-15,-245
26,41,-274,4,-12,-292
29,28,-293,9,-22,-309
27,18,-335,4,-30,-345
26,14,-325,8,-37,-338
20,22,-304,0,-31,-328
16,21,-271,-5,-22,-289
23,26,-238,3,-18,-270
20,33,-221,0,-14,-249
26,26,-217,3,-16,-238
27,32,-254,9,-17,-252
26,32,-287,5,-15,-295
27,23,-315,6,-23,-314
23,12,-335,3,-33,-353
22,18,-322,2,-38,-340
15,19,-289,2,-30,-324
18,22,-256,-2,-23,-288
23,28,-226,4,-19,-261
18,31,-218,2,-15,-238
26,26,-222,3,-14,-233
27,37,-271,6,-12,-271
28,27,-293,4,-14,-300
27,19,-331,7,-25,-328
26,14,-328,3,-33,-348
22,19,-310,2,-32,-342
15,21,-276,-1,-26,-312
22,25,-245,-3,-24,-277
21,32,-222,3,-18,-255
22,28,-219,-1,-12,-238
28,30,-243,4,-14,-240
26,35,-284,5,-17,-282
29,24,-309,7,-23,-306
25,11,-338,7,-30,-337
23,16,-326,6,-37,-344
18,20,-296,2,-33,-333
18,24,-261,-3,-24,-307
24,27,-230,0,-23,-268
24,27,-221,4,-20,-251
18,25,-220,2,-15,-237
26,25,-220,8,-15,-242
27,35,-268,3,-12,-289
28,30,-329,8,-24,-304
27,24,-329,6,-32,-349
27,15,-331,3,-36,-346
23,21,-311,-2,-29,-332
17,21,-280,-3,-28,-296
19,26,-246,1,-23,-269
22,32,-223,5,-16,-249
23,31,-218,6,-15,-239
29,28,-232,6,-15,-252
27,41,-277,4,-15,-295
28,28,-301,5,-22,-312
25,14,-335,3,-35,-348
26,14,-325,6,-38,-338
20,21,-301,3,-30,-322
18,21,-264,-3,-25,-288
25,28,-234,2,-16,-262
19,32,-220,-2,-15,-240
27,26,-218,4,-16,-240
29,35,-263,6,-13,-268
28,31,-290,7,-17,-300
27,23,-324,8,-27,-326
25,14,-330,3,-36,-347
21,20,-319,2,-38,-334
16,19,-284,-3,-29,-313
19,22,-250,-2,-22,-279
23,31,-226,3,-16,-255
20,29,-219,-1,-13,-237
29,26,-225,6,-18,-239
24,40,-275,7,-14,-278
28,26,-297,4,-20,-302
24,18,-335,6,-28,-338
24,14,-328,6,-39,-342
20,21,-304,3,-37,-334
15,22,-269,-2,-26,-299
23,25,-238,0,-18,-271
19,33,-222,2,-16,-254
25,25,-218,-2,-11,-236
27,33,-255,8,-15,-244
28,31,-288,6,-14,-290
27,23,-317,7,-22,-304
25,12,-335,6,-29,-344
21,18,-322,5,-40,-340
15,19,-290,5,-31,-334
18,21,-259,-1,-24,-301
18,31,-226,1,-20,-268
17,32,-219,4,-17,-246
17,32,-224,1,-17,-234
29,26,-271,7,-14,-250
26,27,-292,6,-13,-294
29,27,-292,7,-27,-308
26,22,-327,3,-32,-344
27,14,-327,5,-39,-343
22,23,-308,3,-30,-326
17,21,-273,-5,-22,-287
23,25,-242,4,-18,-261
24,33,-219,1,-14,-243
26,29,-213,4,-10,-239
31,30,-244,6,-14,-265
28,38,-285,6,-18,-300
29,25,-309,6,-23,-319
25,13,-335,1,-32,-346
25,17,-324,3,-36,-340
18,19,-295,-4,-27,-319
20,23,-259,0,-24,-282
26,30,-232,2,-17,-257
20,33,-218,0,-14,-240

